0 0
2 3.0
3 1.66666666667
4 0.8
5 0.75
6 1.33333333333
7 1.0
8 0.75
9 0.666666666667
10 1.5
11 0.333333333333
12 3.0
13 1.33333333333
14 0.5
15 0.5
16 1.0
17 3.0
18 2.33333333333
19 0.714285714286
20 0.2
21 3.0
22 2.0
23 0.666666666667
24 0.75
25 1.0
26 1.0
27 2.33333333333
28 0.142857142857
29 4.0
30 0.75
31 0.666666666667
32 0.5
33 6.0
34 0.833333333333
35 0.6
36 0.333333333333
37 2.0
38 2.5
39 0.6
40 1.33333333333
41 1.25
42 0.4
43 2.0
44 1.25
45 1.0
46 0.2
47 1.0
48 2.0
49 1.5
50 1.33333333333
51 1.5
52 0.166666666667
53 6.0
54 1.16666666667
55 0.571428571429
56 1.5
57 0.666666666667
58 1.25
59 0.8
60 0.25
61 4.0
62 0.75
63 1.0
64 1.0
65 1.33333333333
66 1.0
67 1.25
68 1.6
69 0.125
70 1.0
71 2.0
72 0.5
73 6.0
74 1.0
75 1.0
76 0.333333333333
77 3.5
78 0.714285714286
79 0.8
80 2.0
81 0.625
82 0.8
83 0.75
84 0.666666666667
85 0.5
86 7.0
87 0.285714285714
88 1.5
89 0.666666666667
90 2.0
91 1.0
92 1.25
93 0.6
94 1.33333333333
95 1.25
96 0.6
97 1.33333333333
98 0.75
99 0.333333333333
100 5.0
101 1.2
102 0.166666666667
103 3.0
104 1.0
105 0.333333333333
106 3.0
107 1.33333333333
108 1.25
109 0.4
110 2.0
111 0.75
112 1.0
113 0.666666666667
114 1.5
115 1.0
116 1.33333333333
117 0.75
118 1.66666666667
119 0.8
120 1.25
121 2.0
122 0.7
123 0.142857142857
124 3.0
125 1.66666666667
126 0.8
127 0.75
