0 0
2 5.0
3 0.2
4 2.0
5 0.5
6 1.0
7 4.0
8 1.25
9 0.4
10 2.0
11 0.5
12 0.5
13 3.0
14 1.66666666667
15 0.2
16 1.0
17 1.0
18 3.0
19 0.333333333333
20 2.0
21 2.0
22 0.25
23 5.0
24 0.4
25 1.0
26 1.5
27 1.0
28 2.0
29 0.666666666667
30 0.25
31 1.0
32 7.0
33 0.142857142857
34 2.0
35 4.0
36 0.25
37 5.0
38 0.6
39 0.333333333333
40 0.5
41 15.0
42 0.4
43 1.16666666667
44 1.28571428571
45 0.111111111111
46 5.0
47 1.4
48 1.0
49 0.142857142857
50 3.0
51 1.66666666667
52 0.2
53 2.0
54 2.0
55 1.0
56 1.0
57 1.5
58 0.666666666667
59 2.0
60 0.25
61 2.5
62 2.0
63 0.5
64 0.8
65 0.5
66 2.5
67 1.2
68 0.5
69 0.333333333333
70 1.0
71 6.0
72 1.33333333333
73 0.625
74 0.2
75 2.0
76 2.5
77 0.2
78 5.0
79 0.6
80 1.66666666667
81 0.2
82 3.0
83 0.333333333333
84 1.0
85 1.0
86 4.0
87 0.5
88 4.0
89 0.125
90 1.0
91 6.0
92 0.333333333333
