1  7086.0
2  23.0
1  0.0
2  19.0
1  18.0
2  4.0
1  13.0
2  6.0
1  1.0
2  9.0
1  5.0
2  29732.0
1  468535.0
2  485.0
1  6310.0
2  3260.0
1  81409.0
2  250.0
1  9951.0
2  54843.0
1  27420.0
2  1403.0
1  353.0
2  6612.0
1  86569.0
2  44813.0
1  11453.0
2  2038587.0
1  19760.0
2  17101.0
1  53182.0
2  34661.0
1  3173.0
2  4428.0
1  1562.0
2  340374.0
1  45459.0
2  33.0
1  684125.0
2  233.0
1  267051.0
2  1223.0
1  204.0
2  54.0
1  24.0
2  13.0
1  6.0
2  11.0
1  2.0
2  432151.0
1  1936165.0
2  123467.0
1  1162.0
2  233.0
1  1330.0
2  4234.0
1  4164.0
2  192119.0
1  94321.0
2  1893.0
1  448.0
2  4570.0
1  157.0
2  1304898.0
1  68043.0
2  1715.0
1  100384.0
2  14791.0
1  66040.0
2  87790.0
1  18.0
2  57.0
1  12521.0
2  167.0
1  29571399.0
2  33072.0
1  1174302.0
2  46015.0
1  656949.0
2  39910.0
1  9706.0
2  14003.0
1  17714.0
2  35324.0
1  455024.0
