0 0
2 2.0
3 1.0
4 0.5
5 11.0
6 0.0909090909091
7 6.0
8 0.666666666667
9 0.25
10 3.0
11 0.333333333333
12 5.0
13 1.8
14 0.111111111111
15 2.0
16 2.5
17 0.2
18 2.0
19 1.5
20 2.33333333333
21 0.142857142857
22 6.0
23 0.666666666667
24 1.5
25 2.33333333333
26 0.357142857143
27 2.8
28 0.642857142857
29 1.11111111111
30 0.3
31 1.66666666667
32 0.6
33 0.333333333333
34 1.0
35 7.0
36 0.857142857143
37 0.5
38 0.666666666667
39 0.5
40 2.0
41 4.0
42 0.875
43 1.28571428571
44 0.333333333333
45 1.33333333333
46 0.5
47 1.5
48 0.333333333333
49 9.0
50 0.222222222222
51 2.5
52 0.2
53 4.0
54 1.5
55 0.833333333333
56 1.0
57 0.6
58 2.0
59 0.166666666667
60 6.0
61 0.5
62 1.33333333333
63 0.5
64 3.5
65 0.857142857143
66 0.166666666667
67 11.0
68 0.181818181818
69 1.0
70 1.0
71 0.5
72 5.0
73 0.2
74 8.0
75 0.625
76 0.8
77 1.75
78 0.142857142857
79 6.0
80 0.166666666667
81 1.0
82 1.0
83 2.0
84 1.0
85 0.5
86 5.0
87 1.2
88 0.333333333333
89 1.5
90 0.333333333333
91 13.0
92 0.384615384615
93 1.8
94 0.444444444444
95 0.25
96 14.0
97 0.357142857143
98 0.2
99 9.0
100 0.111111111111
101 5.0
102 0.2
103 3.0
104 1.33333333333
105 0.5
106 1.0
107 3.5
108 0.142857142857
109 1.0
110 5.0
111 1.2
112 1.0
113 1.0
114 0.666666666667
115 0.25
116 1.0
117 4.0
118 0.75
119 0.333333333333
120 5.0
121 0.8
122 1.0
123 0.75
124 1.33333333333
125 1.25
126 0.2
127 2.0
128 2.0
129 1.25
130 0.8
131 0.75
132 2.0
133 0.5
134 2.0
135 0.833333333333
136 0.8
137 1.0
138 0.5
139 0.5
140 4.0
141 1.0
142 1.5
143 1.16666666667
144 0.857142857143
145 0.666666666667
146 1.0
147 0.75
148 0.666666666667
149 3.0
150 0.5
151 0.666666666667
152 3.0
153 0.833333333333
154 1.2
155 1.0
156 1.16666666667
157 0.714285714286
158 0.2
159 9.0
160 0.444444444444
161 1.75
162 1.0
163 0.714285714286
164 0.6
165 0.333333333333
166 1.0
167 5.0
168 0.2
169 3.0
170 2.66666666667
171 0.125
172 6.0
173 0.166666666667
174 4.0
175 1.25
176 1.0
177 0.2
178 4.0
179 0.75
180 0.333333333333
181 12.0
182 0.75
183 0.555555555556
184 1.4
185 1.57142857143
186 0.454545454545
187 1.2
188 1.33333333333
189 0.625
190 0.2
191 1.0
192 3.0
193 0.666666666667
194 0.5
195 4.0
196 1.25
197 0.6
198 2.0
199 0.666666666667
200 1.0
201 2.0
202 1.0
203 0.5
204 1.5
205 0.166666666667
206 8.0
207 0.625
208 1.8
209 0.666666666667
210 0.333333333333
211 2.0
212 0.25
213 6.0
214 0.166666666667
215 1.0
216 7.0
217 0.714285714286
218 0.4
219 3.0
220 1.0
221 1.0
222 0.333333333333
223 0.5
224 1.0
225 6.0
226 0.333333333333
227 2.0
228 1.0
229 0.5
230 2.0
231 0.75
232 3.0
233 0.222222222222
234 0.5
235 5.0
236 0.2
237 4.0
238 1.0
239 0.5
240 3.0
241 0.833333333333
242 0.8
243 0.25
244 1.0
245 6.0
246 0.166666666667
247 1.0
248 6.0
249 0.166666666667
250 3.0
251 1.33333333333
252 2.5
253 0.4
254 1.25
255 0.2
256 6.0
257 0.166666666667
258 3.0
259 2.66666666667
260 0.125
261 4.0
262 0.25
263 1.0
264 2.0
265 0.5
266 1.0
267 1.0
268 4.0
269 0.75
270 0.333333333333
271 5.0
272 0.8
273 1.5
274 0.666666666667
275 0.25
276 6.0
277 0.5
278 0.333333333333
279 2.0
280 5.0
281 1.2
282 0.0833333333333
283 2.0
284 1.5
285 0.333333333333
286 5.0
287 1.2
288 0.5
289 0.666666666667
290 4.0
291 1.0
292 0.375
293 0.666666666667
294 2.5
295 0.4
296 3.0
297 1.83333333333
298 1.36363636364
299 0.4
300 1.83333333333
301 0.909090909091
302 0.7
303 0.142857142857
304 10.0
305 1.6
306 0.1875
307 1.66666666667
308 1.8
309 1.33333333333
310 0.416666666667
311 1.0
312 1.0
313 0.8
314 2.5
315 0.5
316 0.8
317 1.0
318 0.75
319 1.33333333333
320 1.75
321 0.142857142857
322 6.0
323 0.166666666667
324 5.0
325 1.0
326 0.4
327 1.0
328 3.0
329 0.166666666667
330 5.0
331 2.0
332 0.5
333 0.2
334 11.0
335 0.545454545455
336 0.5
337 2.66666666667
338 1.125
339 1.11111111111
340 0.1
341 1.0
342 6.0
343 0.166666666667
344 18.0
345 0.0555555555556
346 4.0
347 1.0
348 1.0
349 0.75
350 2.33333333333
351 0.428571428571
352 2.0
353 0.666666666667
354 0.25
355 7.0
356 0.857142857143
357 0.833333333333
358 0.2
359 3.0
360 1.33333333333
361 0.5
362 3.5
363 0.571428571429
364 2.0
365 0.25
366 1.0
367 2.5
368 0.2
369 3.0
370 0.333333333333
371 3.0
372 2.0
373 0.833333333333
374 1.6
375 0.625
376 2.2
377 0.545454545455
378 2.0
379 0.5
380 0.166666666667
381 1.0
382 1.0
383 4.0
384 0.25
385 4.0
386 1.25
387 2.2
388 0.0909090909091
389 4.0
390 1.25
391 0.2
392 4.0
393 0.75
394 2.0
395 1.5
396 0.111111111111
397 6.0
398 0.166666666667
399 4.0
400 0.5
401 0.5
402 1.0
403 2.0
404 1.5
405 0.333333333333
406 2.0
407 2.0
408 1.0
409 0.5
410 0.5
411 1.0
412 9.0
413 0.111111111111
414 4.0
415 0.5
416 2.0
417 0.75
418 0.333333333333
419 1.0
420 3.0
421 2.33333333333
422 0.142857142857
423 3.0
424 1.33333333333
425 1.25
426 0.2
427 1.0
428 1.0
429 7.0
430 0.714285714286
431 0.2
432 5.0
433 1.0
434 1.2
435 0.166666666667
436 1.0
437 1.0
438 3.0
439 1.33333333333
440 1.25
441 2.2
442 0.0909090909091
443 6.0
444 0.166666666667
445 2.0
446 3.0
447 0.166666666667
448 3.0
449 3.0
450 0.888888888889
451 0.125
452 1.0
453 1.0
454 2.0
455 2.0
456 1.0
457 1.5
458 1.5
459 0.777777777778
460 0.285714285714
461 4.0
462 0.125
463 1.0
464 5.0
465 0.8
466 1.0
467 2.25
468 0.777777777778
469 1.42857142857
470 0.7
471 0.571428571429
472 0.5
473 3.5
474 0.142857142857
475 3.0
476 1.0
477 4.0
478 0.416666666667
479 0.8
480 0.25
481 1.0
482 10.0
483 0.8
484 1.25
485 0.4
486 1.75
487 0.142857142857
488 7.0
489 0.142857142857
490 2.0
491 4.0
492 0.125
493 1.0
494 1.0
495 5.0
496 1.0
497 0.4
498 2.0
499 0.25
500 1.0
501 3.0
502 1.33333333333
503 0.25
504 3.0
505 1.33333333333
506 1.75
507 0.142857142857
508 7.0
509 1.14285714286
510 0.625
511 0.2
512 6.0
513 1.33333333333
514 1.0
515 0.125
516 1.0
517 5.0
518 0.2
519 5.0
520 0.4
521 1.0
522 0.5
523 1.0
524 7.0
525 0.142857142857
526 8.0
527 1.25
528 0.6
529 0.333333333333
530 3.5
531 0.142857142857
532 1.0
533 3.0
534 1.0
535 1.66666666667
536 1.0
537 1.4
538 0.428571428571
539 1.0
540 1.33333333333
541 0.25
542 3.0
543 0.333333333333
544 5.0
545 0.2
546 4.0
547 1.0
548 0.5
549 0.5
550 2.0
551 2.5
552 1.6
553 0.125
554 6.0
555 1.66666666667
556 0.2
557 4.5
558 0.111111111111
559 1.0
560 8.0
561 0.125
562 6.0
563 1.83333333333
564 0.0909090909091
565 2.0
566 1.5
567 2.66666666667
568 0.875
569 0.857142857143
570 0.166666666667
571 1.0
572 3.0
573 5.0
574 0.466666666667
575 3.85714285714
576 0.148148148148
577 2.0
578 1.0
579 0.875
580 0.142857142857
581 7.0
582 0.285714285714
583 0.5
584 1.0
585 1.0
586 6.0
587 0.166666666667
588 5.0
589 1.0
590 0.2
591 4.0
592 2.75
593 0.0909090909091
594 2.0
595 0.5
596 1.0
597 1.0
598 3.0
599 1.33333333333
600 1.0
601 0.25
602 2.0
603 0.5
604 1.0
605 5.0
606 1.6
607 0.125
608 3.0
609 1.33333333333
610 0.25
611 5.0
612 0.2
613 1.0
614 4.0
615 1.25
616 0.4
617 1.0
618 3.5
619 0.142857142857
620 4.0
621 0.5
622 2.5
623 2.4
624 0.416666666667
625 1.0
626 0.2
627 2.0
628 0.5
629 3.0
630 0.333333333333
631 1.0
632 2.0
633 4.0
634 0.625
635 0.4
636 1.0
637 0.5
638 5.0
639 0.4
640 3.5
641 0.571428571429
642 1.0
643 0.75
644 2.33333333333
645 0.857142857143
646 0.5
647 1.0
648 2.0
649 1.33333333333
650 0.75
651 0.166666666667
652 4.0
653 0.25
654 9.0
655 0.666666666667
656 0.333333333333
657 2.0
658 1.25
659 0.2
660 4.0
661 1.0
662 0.25
663 5.0
664 0.6
665 1.0
666 2.33333333333
667 0.857142857143
668 1.0
669 0.666666666667
670 0.5
671 4.0
672 0.5
673 1.5
674 0.666666666667
675 2.25
676 0.666666666667
677 0.166666666667
678 2.0
679 1.0
680 1.5
681 1.0
682 1.33333333333
683 0.25
684 1.0
685 1.0
686 1.0
687 5.0
688 0.2
689 4.0
690 1.5
691 0.166666666667
692 1.0
693 5.0
694 0.6
695 2.33333333333
696 0.714285714286
697 0.8
698 1.5
699 1.16666666667
700 0.714285714286
701 0.2
702 9.0
703 0.666666666667
704 0.166666666667
705 4.0
706 0.75
707 1.33333333333
708 0.25
709 1.0
710 4.0
711 0.25
712 4.0
713 0.25
714 3.0
715 0.666666666667
716 4.0
717 0.25
718 2.0
719 1.0
720 1.75
721 0.142857142857
722 4.0
723 0.25
724 3.0
725 0.666666666667
726 6.0
727 0.0833333333333
728 5.0
729 0.2
730 4.0
731 0.25
732 1.0
733 1.0
734 3.0
735 0.666666666667
736 2.0
737 0.5
738 1.5
739 1.33333333333
740 1.75
741 0.571428571429
742 1.25
743 1.2
744 1.0
745 0.166666666667
746 5.0
747 0.2
748 1.0
749 7.0
750 0.142857142857
751 1.0
752 5.0
753 1.2
754 0.333333333333
755 0.5
756 1.0
757 5.0
758 0.2
759 1.0
760 1.0
761 2.0
762 0.5
763 5.0
764 1.6
765 0.125
766 1.0
767 1.0
768 4.0
769 0.25
770 1.0
771 1.0
772 3.0
773 0.333333333333
774 5.0
775 0.2
776 1.0
777 5.0
778 0.6
779 0.333333333333
780 2.0
781 1.5
782 3.0
783 0.444444444444
784 1.5
785 0.333333333333
786 4.5
787 0.555555555556
788 0.8
789 1.25
790 0.6
791 0.333333333333
792 1.0
793 10.0
794 0.1
795 1.0
796 10.0
797 0.1
798 1.0
799 4.0
800 0.25
801 6.0
802 0.666666666667
803 0.25
804 4.0
805 0.25
806 4.0
807 1.0
808 0.25
809 1.0
810 2.0
811 2.5
812 0.2
813 4.0
814 0.25
815 1.0
816 2.0
817 0.5
818 1.0
819 5.0
820 0.2
821 1.0
822 6.0
823 0.166666666667
824 2.0
825 0.5
826 1.0
827 8.0
828 0.75
829 0.166666666667
830 1.0
831 3.0
832 3.0
833 0.111111111111
834 2.0
835 3.5
836 0.142857142857
837 5.0
838 0.2
839 4.0
840 1.5
841 0.666666666667
842 0.5
843 1.5
844 0.333333333333
845 1.0
846 6.0
847 0.166666666667
848 2.0
849 2.5
850 0.2
851 7.0
852 0.571428571429
853 0.25
854 1.0
855 1.0
856 2.0
857 1.0
858 1.0
859 2.0
860 0.25
861 7.0
862 0.571428571429
863 0.25
864 1.0
865 5.0
866 0.4
867 3.0
868 0.666666666667
869 1.5
870 0.333333333333
871 3.5
872 0.142857142857
873 1.0
874 3.0
875 1.66666666667
876 0.2
877 1.0
878 2.0
879 0.5
880 6.0
881 0.166666666667
882 1.0
883 5.0
884 1.4
885 0.142857142857
886 2.0
887 1.5
888 0.333333333333
889 2.0
890 3.0
891 0.833333333333
892 0.2
893 2.0
894 1.5
895 0.666666666667
896 4.0
897 0.25
898 0.5
899 2.0
900 4.5
901 0.777777777778
902 0.285714285714
903 0.5
904 4.0
905 1.5
906 0.333333333333
907 0.5
908 6.0
909 0.166666666667
910 5.0
911 1.4
912 0.142857142857
913 7.0
914 0.142857142857
915 3.0
916 0.666666666667
917 2.0
918 1.0
919 0.25
920 1.0
921 1.0
922 3.0
923 2.33333333333
924 0.142857142857
925 1.0
926 1.0
927 6.0
928 1.0
929 0.666666666667
930 0.25
931 6.0
932 0.333333333333
933 1.0
934 3.0
935 0.166666666667
936 5.0
937 2.6
938 0.0769230769231
939 3.0
940 2.33333333333
941 0.428571428571
942 0.333333333333
943 1.0
944 3.0
945 0.333333333333
946 4.0
947 0.75
948 0.333333333333
949 2.0
950 2.5
951 0.2
952 5.0
953 0.2
954 2.0
955 1.5
956 1.33333333333
957 1.75
958 0.428571428571
959 3.0
960 0.444444444444
961 1.75
962 1.14285714286
963 1.25
964 0.5
965 1.0
966 0.2
967 4.0
968 0.5
969 2.5
970 1.6
971 0.375
972 1.66666666667
973 0.2
974 8.0
975 0.125
976 4.0
977 1.75
978 0.142857142857
979 1.0
980 4.0
981 2.75
982 0.0909090909091
983 2.0
984 3.0
985 0.166666666667
986 8.0
987 0.625
988 0.2
989 4.0
990 1.25
991 0.8
992 0.25
993 4.0
994 0.25
995 5.0
996 0.6
997 0.333333333333
998 8.0
999 0.375
1000 1.66666666667
1001 1.6
1002 0.25
1003 3.5
1004 0.142857142857
1005 1.0
1006 1.0
1007 3.0
1008 2.0
1009 0.166666666667
1010 6.0
1011 0.833333333333
1012 0.2
1013 4.0
1014 0.5
1015 2.5
1016 1.0
1017 1.4
1018 0.571428571429
1019 0.25
1020 4.0
1021 0.5
1022 1.5
1023 1.33333333333
1024 0.25
1025 5.0
1026 2.2
1027 0.636363636364
1028 0.571428571429
1029 0.5
1030 3.0
1031 0.5
1032 1.33333333333
1033 0.25
1034 2.0
1035 0.5
1036 1.0
1037 1.0
1038 3.0
1039 0.666666666667
1040 0.5
1041 6.0
1042 0.166666666667
1043 10.0
1044 0.3
1045 0.333333333333
1046 1.0
1047 4.0
1048 1.25
1049 0.4
1050 4.0
1051 0.125
1052 1.0
1053 6.0
1054 0.833333333333
1055 0.8
1056 1.0
1057 1.5
1058 0.833333333333
1059 0.8
1060 0.25
1061 6.0
1062 1.0
1063 0.833333333333
1064 1.0
1065 0.8
1066 0.5
1067 0.5
1068 1.0
1069 3.0
1070 1.0
1071 4.0
1072 0.25
1073 1.33333333333
1074 1.75
1075 1.28571428571
1076 0.777777777778
1077 0.428571428571
1078 0.333333333333
1079 3.0
1080 1.66666666667
1081 0.6
1082 1.66666666667
1083 1.6
1084 0.625
1085 1.6
1086 0.125
1087 7.0
1088 0.142857142857
1089 5.0
1090 0.4
1091 2.0
1092 3.0
1093 0.583333333333
1094 1.71428571429
1095 0.0833333333333
1096 4.0
1097 0.5
1098 2.0
1099 1.5
1100 0.333333333333
1101 1.0
1102 5.5
1103 0.636363636364
1104 1.14285714286
1105 0.75
1106 0.5
1107 1.0
1108 1.0
1109 0.666666666667
1110 5.0
1111 3.2
1112 0.1875
1113 1.16666666667
1114 0.428571428571
1115 0.333333333333
1116 6.0
1117 1.33333333333
1118 0.125
1119 2.0
1120 0.5
1121 1.0
1122 6.0
1123 1.16666666667
1124 0.428571428571
1125 0.333333333333
1126 4.0
1127 0.25
1128 3.0
1129 0.333333333333
1130 2.0
1131 0.5
1132 1.0
1133 6.0
1134 1.16666666667
1135 0.857142857143
1136 0.166666666667
1137 1.0
1138 5.0
1139 0.8
1140 0.25
1141 7.0
1142 0.142857142857
1143 1.0
1144 4.0
1145 0.25
1146 1.0
1147 6.0
1148 1.0
1149 0.166666666667
1150 5.0
1151 2.4
1152 0.25
1153 0.333333333333
1154 1.0
1155 5.0
1156 0.2
1157 1.0
1158 7.0
1159 0.285714285714
1160 0.5
1161 5.0
1162 0.2
1163 1.0
1164 1.0
1165 3.0
1166 1.0
1167 2.66666666667
1168 0.125
1169 2.0
1170 3.0
1171 0.166666666667
1172 6.0
1173 0.5
1174 1.66666666667
1175 0.8
1176 0.25
1177 1.0
1178 4.0
1179 0.75
1180 2.0
1181 0.5
1182 1.66666666667
1183 2.0
1184 0.4
1185 0.75
1186 1.0
1187 1.33333333333
1188 0.25
1189 3.0
1190 0.333333333333
1191 1.0
1192 1.0
1193 2.0
1194 4.0
1195 0.125
1196 3.0
1197 1.66666666667
1198 0.2
1199 1.0
1200 3.0
1201 0.333333333333
1202 6.0
1203 0.166666666667
1204 4.0
1205 1.25
1206 0.4
1207 0.5
1208 2.0
1209 0.5
1210 1.0
1211 3.0
1212 2.66666666667
1213 0.25
1214 3.0
1215 0.666666666667
1216 1.5
1217 0.166666666667
1218 7.0
1219 0.285714285714
1220 1.5
1221 0.333333333333
1222 6.0
1223 0.166666666667
1224 1.0
1225 4.0
1226 2.5
1227 0.2
1228 2.0
1229 1.0
1230 2.0
1231 0.375
1232 1.33333333333
1233 1.0
1234 0.25
1235 6.0
1236 0.833333333333
1237 1.0
1238 0.2
1239 2.0
1240 2.5
1241 1.4
1242 0.571428571429
1243 0.5
1244 3.0
1245 1.0
1246 1.5
1247 0.333333333333
1248 1.66666666667
1249 0.2
1250 1.0
1251 4.0
1252 1.5
1253 0.166666666667
1254 3.0
1255 3.0
1256 0.444444444444
1257 2.5
1258 0.1
1259 2.0
1260 0.5
1261 5.0
1262 1.0
1263 0.6
1264 0.333333333333
1265 5.0
1266 0.6
1267 1.33333333333
1268 0.75
1269 1.66666666667
1270 1.2
1271 0.333333333333
1272 0.5
1273 5.0
1274 0.2
1275 2.0
1276 2.0
1277 0.25
1278 3.0
1279 0.333333333333
1280 2.0
1281 0.5
1282 1.0
1283 6.0
1284 0.5
1285 0.333333333333
1286 2.0
1287 0.5
1288 1.0
1289 4.0
1290 1.25
1291 1.0
1292 0.6
1293 1.33333333333
1294 0.25
1295 1.0
1296 5.0
1297 0.4
1298 2.0
1299 0.75
1300 1.33333333333
1301 0.5
1302 0.5
1303 4.0
1304 1.0
1305 1.75
1306 0.142857142857
1307 5.0
1308 0.2
1309 1.0
1310 8.0
1311 0.625
1312 0.2
1313 5.0
1314 1.6
1315 0.125
1316 7.0
1317 0.285714285714
1318 5.0
1319 0.9
1320 0.111111111111
1321 5.0
1322 0.6
1323 1.33333333333
1324 1.5
1325 1.33333333333
1326 0.5
1327 0.75
1328 1.66666666667
1329 1.4
1330 0.428571428571
1331 1.0
1332 2.33333333333
1333 0.428571428571
1334 2.0
1335 0.333333333333
1336 4.0
1337 0.125
1338 2.0
1339 2.0
1340 1.0
1341 1.0
1342 2.0
1343 0.125
1344 5.0
1345 0.8
1346 0.5
1347 1.5
1348 0.333333333333
1349 1.0
1350 6.0
1351 0.166666666667
1352 2.0
1353 4.0
1354 1.375
1355 0.272727272727
1356 1.33333333333
1357 1.75
1358 0.142857142857
1359 4.0
1360 1.0
1361 0.75
1362 2.33333333333
1363 0.142857142857
1364 1.0
1365 3.0
1366 1.66666666667
1367 1.2
1368 1.33333333333
1369 0.125
1370 1.0
1371 1.0
1372 1.0
1373 2.0
1374 1.5
1375 2.0
1376 1.0
1377 0.5
1378 3.33333333333
1379 0.7
1380 1.0
1381 0.714285714286
1382 0.4
1383 0.5
1384 2.0
1385 4.0
1386 0.25
1387 1.5
1388 2.0
1389 0.166666666667
1390 1.0
1391 2.0
1392 4.5
1393 0.222222222222
1394 4.0
1395 0.125
1396 7.0
1397 0.571428571429
1398 0.25
1399 5.0
1400 1.2
1401 0.166666666667
1402 2.0
1403 2.5
1404 0.8
1405 0.25
1406 1.0
1407 9.0
1408 0.333333333333
1409 2.33333333333
1410 0.285714285714
1411 3.5
1412 0.285714285714
1413 2.0
1414 1.5
1415 0.5
1416 2.0
1417 0.166666666667
1418 5.0
1419 1.2
1420 0.5
1421 0.333333333333
1422 2.0
1423 1.5
1424 0.666666666667
1425 1.5
1426 0.333333333333
1427 2.0
1428 4.5
1429 0.111111111111
1430 3.0
1431 0.666666666667
1432 0.5
1433 1.0
1434 6.0
1435 0.166666666667
1436 2.0
1437 1.5
1438 0.333333333333
1439 5.0
1440 0.6
1441 0.333333333333
1442 1.0
1443 2.0
1444 1.5
1445 1.33333333333
1446 0.25
1447 1.0
1448 1.0
1449 1.0
1450 4.0
1451 0.5
1452 2.0
1453 0.25
1454 1.0
1455 5.0
1456 0.2
1457 4.0
1458 0.5
1459 1.5
1460 1.0
1461 0.666666666667
1462 2.0
1463 1.0
1464 1.5
1465 1.33333333333
1466 0.125
1467 1.0
1468 1.0
1469 6.0
1470 0.166666666667
1471 2.0
1472 1.0
1473 0.5
1474 5.0
1475 0.2
1476 1.0
1477 2.0
1478 2.0
1479 0.25
1480 6.0
1481 0.333333333333
1482 1.0
1483 0.5
1484 1.0
1485 1.0
1486 3.0
1487 0.666666666667
1488 3.0
1489 0.833333333333
1490 0.2
1491 16.0
1492 0.0625
1493 6.0
1494 1.16666666667
1495 0.142857142857
1496 8.0
1497 0.125
1498 1.0
1499 8.0
1500 0.375
1501 0.666666666667
1502 5.5
1503 0.454545454545
1504 0.2
1505 1.0
1506 2.0
1507 1.0
1508 5.0
1509 1.3
1510 0.0769230769231
1511 4.0
1512 1.25
1513 0.4
1514 3.0
1515 1.0
1516 0.166666666667
1517 6.0
1518 0.166666666667
1519 1.0
1520 1.0
1521 3.0
1522 0.666666666667
1523 0.5
1524 6.0
1525 0.166666666667
1526 3.0
1527 2.33333333333
1528 1.0
1529 0.714285714286
1530 1.4
1531 0.428571428571
1532 0.333333333333
1533 1.0
1534 7.0
1535 0.142857142857
1536 3.0
1537 0.333333333333
1538 4.0
1539 0.5
1540 0.5
1541 1.0
1542 3.0
1543 0.333333333333
1544 3.0
1545 0.333333333333
1546 7.0
1547 0.714285714286
1548 0.8
1549 0.75
1550 0.666666666667
1551 2.0
1552 0.75
1553 1.33333333333
1554 1.25
1555 1.0
1556 1.0
1557 0.2
1558 1.0
1559 4.0
1560 1.0
1561 1.25
1562 1.2
1563 0.833333333333
1564 0.8
1565 2.25
1566 0.555555555556
1567 3.4
1568 0.0588235294118
1569 6.0
1570 0.166666666667
1571 1.0
1572 2.0
1573 3.5
1574 0.714285714286
1575 0.2
1576 1.0
1577 2.0
1578 4.0
1579 0.25
1580 7.0
1581 1.42857142857
1582 0.05
1583 3.0
1584 3.33333333333
1585 0.1
1586 3.0
1587 2.0
1588 0.5
1589 1.33333333333
1590 1.0
1591 1.0
1592 1.75
1593 0.142857142857
1594 9.0
1595 0.111111111111
1596 1.0
1597 5.0
1598 0.2
1599 1.0
1600 8.0
1601 0.875
1602 1.57142857143
1603 0.363636363636
1604 1.0
1605 1.0
1606 1.25
1607 0.4
1608 1.0
1609 0.5
1610 8.0
1611 0.125
1612 9.0
1613 1.0
1614 0.777777777778
1615 0.857142857143
1616 0.333333333333
1617 3.5
1618 0.285714285714
1619 4.0
1620 1.0
1621 0.375
1622 2.0
1623 0.666666666667
1624 1.75
1625 1.14285714286
1626 0.125
1627 2.0
1628 4.5
1629 0.666666666667
1630 0.166666666667
1631 5.0
1632 0.6
1633 0.333333333333
1634 1.0
1635 6.0
1636 1.66666666667
1637 0.6
1638 1.5
1639 0.666666666667
1640 1.66666666667
1641 0.7
1642 1.71428571429
1643 0.583333333333
1644 0.857142857143
1645 1.0
1646 1.0
1647 1.66666666667
1648 0.4
1649 1.0
1650 0.25
1651 1.0
1652 10.0
1653 0.7
1654 0.142857142857
1655 3.0
1656 0.333333333333
1657 6.0
1658 0.666666666667
1659 0.25
1660 4.0
1661 0.75
1662 2.0
1663 0.833333333333
1664 0.2
1665 14.0
1666 0.0714285714286
1667 5.0
1668 1.2
1669 1.0
1670 0.166666666667
1671 1.0
1672 3.0
1673 0.666666666667
1674 6.0
1675 0.5
1676 0.166666666667
1677 2.0
1678 8.5
1679 0.235294117647
1680 1.75
1681 0.714285714286
1682 0.2
1683 2.0
1684 0.5
1685 7.0
1686 0.714285714286
1687 0.4
1688 0.5
1689 5.0
1690 0.4
1691 4.5
1692 0.444444444444
1693 0.5
1694 0.5
1695 5.0
1696 0.2
1697 3.0
1698 0.333333333333
1699 2.0
1700 1.0
1701 2.0
1702 1.5
1703 0.5
1704 0.333333333333
1705 2.0
1706 2.0
1707 1.25
1708 0.2
1709 3.0
1710 1.66666666667
1711 0.2
1712 4.0
1713 0.25
1714 1.0
1715 4.0
1716 0.25
1717 1.0
1718 1.0
1719 7.0
1720 0.142857142857
1721 2.0
1722 3.0
1723 0.166666666667
1724 11.0
1725 0.363636363636
1726 0.25
1727 6.0
1728 0.166666666667
1729 5.0
1730 1.2
1731 0.166666666667
1732 1.0
1733 4.0
1734 1.25
1735 1.0
1736 0.8
1737 1.0
1738 0.25
1739 1.0
1740 1.0
1741 2.0
1742 0.5
1743 5.0
1744 1.0
1745 0.2
1746 1.0
1747 3.0
1748 1.33333333333
1749 0.25
1750 9.0
1751 0.222222222222
1752 3.0
1753 0.166666666667
1754 3.0
1755 1.66666666667
1756 0.4
1757 1.5
1758 1.0
1759 0.333333333333
1760 9.0
1761 0.666666666667
1762 0.166666666667
1763 2.0
1764 1.5
1765 1.33333333333
1766 0.25
1767 1.0
1768 6.0
1769 0.166666666667
1770 4.0
1771 1.0
1772 1.0
1773 1.75
1774 0.714285714286
1775 0.4
1776 4.5
1777 0.111111111111
1778 1.0
1779 4.0
1780 1.5
1781 1.0
1782 0.5
1783 4.33333333333
1784 1.46153846154
1785 0.105263157895
1786 2.5
1787 0.4
1788 0.5
1789 5.0
1790 0.2
1791 5.0
1792 0.2
1793 3.0
1794 0.333333333333
1795 5.0
1796 1.8
1797 0.666666666667
1798 0.5
1799 1.33333333333
1800 0.25
1801 1.0
1802 5.0
1803 0.2
1804 1.0
1805 4.0
1806 0.25
1807 5.0
1808 0.2
1809 8.0
1810 0.75
1811 1.83333333333
1812 0.272727272727
1813 1.33333333333
1814 2.25
1815 0.777777777778
1816 0.142857142857
1817 10.0
1818 0.7
1819 0.285714285714
1820 0.5
1821 1.0
1822 5.0
1823 1.2
1824 1.0
1825 0.166666666667
1826 8.0
1827 0.5
1828 0.25
1829 4.0
1830 1.0
1831 0.5
1832 0.5
1833 5.0
1834 2.2
1835 0.0909090909091
1836 2.0
1837 0.5
1838 1.0
1839 5.0
1840 0.6
1841 2.33333333333
1842 0.142857142857
1843 7.0
1844 1.14285714286
1845 0.125
1846 8.0
1847 0.125
1848 5.0
1849 0.2
1850 3.0
1851 3.0
1852 0.111111111111
1853 4.0
1854 0.25
1855 3.0
1856 0.666666666667
1857 3.5
1858 0.428571428571
1859 5.33333333333
1860 0.0625
1861 2.0
1862 4.0
1863 0.25
1864 0.5
1865 14.0
1866 0.571428571429
1867 0.125
1868 4.0
1869 0.5
1870 3.5
1871 0.142857142857
1872 9.0
1873 0.111111111111
1874 3.0
1875 0.666666666667
1876 2.0
1877 2.0
1878 0.5
1879 1.25
1880 0.2
1881 3.0
1882 0.333333333333
1883 4.0
1884 0.5
1885 0.5
1886 1.0
1887 1.0
1888 4.0
1889 0.25
1890 2.0
1891 1.5
1892 0.666666666667
1893 1.5
1894 0.333333333333
1895 8.0
1896 0.625
1897 0.8
1898 1.5
1899 0.166666666667
