0 0
2 0.2
3 1.0
4 2.0
5 1.5
6 1.33333333333
7 1.25
8 0.2
9 7.0
10 0.285714285714
11 1.5
12 1.33333333333
13 1.0
14 2.25
15 0.777777777778
16 1.0
17 0.428571428571
18 1.33333333333
19 1.25
20 0.4
21 4.0
22 0.25
23 2.5
24 1.8
25 1.22222222222
26 0.272727272727
27 1.33333333333
28 0.25
29 3.0
30 0.666666666667
31 5.5
32 0.636363636364
33 0.428571428571
34 2.0
35 0.166666666667
36 1.0
37 5.0
38 0.6
39 1.66666666667
40 0.2
41 4.0
42 1.25
43 0.6
44 1.0
45 2.0
46 0.833333333333
47 0.2
48 1.0
49 1.0
50 1.0
51 4.0
52 3.75
53 0.266666666667
54 1.25
55 1.2
56 0.833333333333
57 1.0
58 0.2
59 1.0
60 5.0
61 1.2
62 0.333333333333
63 6.0
64 0.5
65 1.33333333333
66 1.0
67 1.25
68 0.1
69 3.0
70 1.66666666667
71 1.6
72 0.125
73 4.0
74 1.75
75 0.714285714286
76 0.8
77 1.0
78 2.75
79 0.363636363636
80 0.75
81 0.333333333333
82 4.0
83 1.75
84 0.571428571429
85 2.75
86 0.454545454545
87 0.4
88 3.5
89 0.285714285714
90 2.0
91 0.5
92 1.0
93 0.5
94 6.0
95 0.5
96 1.33333333333
97 1.25
98 0.2
99 5.0
100 0.8
101 2.25
102 0.222222222222
103 1.0
104 1.0
105 1.0
106 2.5
107 0.4
108 1.5
109 1.66666666667
110 0.4
111 3.0
112 0.333333333333
113 1.5
114 1.0
115 1.33333333333
116 1.25
117 0.4
118 0.5
119 4.0
120 0.25
121 1.0
122 5.0
123 0.2
124 1.0
125 8.0
126 0.625
127 1.4
128 0.714285714286
129 0.2
130 1.0
131 1.0
132 2.0
133 2.5
134 0.8
135 1.25
136 0.4
137 9.5
138 0.210526315789
139 0.25
140 12.0
141 0.666666666667
142 1.375
143 0.181818181818
144 2.5
145 0.2
146 3.0
147 0.666666666667
148 2.0
149 0.5
150 2.5
151 1.0
152 0.4
153 1.5
154 2.33333333333
155 0.142857142857
156 1.0
157 2.0
158 2.5
159 0.6
160 0.666666666667
161 2.5
162 2.0
163 0.6
164 1.33333333333
165 0.375
166 1.0
167 1.0
168 1.66666666667
169 0.6
170 1.33333333333
171 1.0
172 1.75
173 0.142857142857
174 3.0
175 1.33333333333
176 1.0
177 0.75
178 1.33333333333
179 1.25
180 1.4
181 1.14285714286
182 0.875
183 0.428571428571
184 1.33333333333
185 0.75
186 2.33333333333
187 0.142857142857
188 15.0
189 0.333333333333
190 0.4
191 3.0
192 0.166666666667
193 4.0
194 1.75
195 0.857142857143
196 0.666666666667
197 0.25
198 5.0
199 1.0
200 0.8
201 2.0
202 0.625
203 2.2
204 0.545454545455
205 0.833333333333
206 0.4
207 4.0
208 0.125
209 4.0
210 2.5
211 0.2
212 1.0
213 1.0
214 1.0
215 2.5
216 0.8
217 0.5
218 2.0
219 0.25
220 4.0
221 1.25
222 0.6
223 0.666666666667
224 1.0
225 1.5
226 0.333333333333
227 4.0
228 1.75
229 0.571428571429
230 1.0
231 2.0
232 0.375
233 0.666666666667
234 2.0
235 0.5
236 3.5
237 1.28571428571
238 0.444444444444
239 0.25
240 2.0
241 1.5
242 0.333333333333
243 5.0
244 0.4
245 5.0
246 0.2
247 3.0
248 0.166666666667
249 8.0
250 0.75
251 0.166666666667
252 3.0
253 1.33333333333
254 1.5
255 0.833333333333
256 0.6
257 0.333333333333
258 7.0
259 0.428571428571
260 0.666666666667
261 1.0
262 0.5
263 5.0
264 0.4
265 1.5
266 2.0
267 0.666666666667
268 1.5
269 0.833333333333
270 0.8
271 1.0
272 1.5
273 0.5
274 0.333333333333
275 3.0
276 1.0
277 2.0
278 0.833333333333
279 1.2
280 0.5
281 2.66666666667
282 0.875
283 0.571428571429
284 0.25
285 3.0
286 0.666666666667
287 0.5
288 5.0
289 1.8
290 1.44444444444
291 0.384615384615
292 1.2
293 0.833333333333
294 0.6
295 1.0
296 0.666666666667
297 2.5
298 0.8
299 2.5
300 0.4
301 1.75
302 0.285714285714
303 2.0
304 1.5
305 0.5
306 0.333333333333
307 3.0
308 1.66666666667
309 0.2
310 3.0
311 0.666666666667
312 0.5
313 5.0
314 0.2
315 5.0
316 0.8
317 1.75
318 0.142857142857
319 6.0
320 1.0
321 0.666666666667
322 1.5
323 0.666666666667
324 0.25
325 4.0
326 0.25
327 12.0
328 0.0833333333333
329 3.0
330 3.33333333333
331 0.2
332 0.5
333 3.0
334 1.0
335 0.333333333333
336 4.0
337 1.0
338 0.25
339 3.0
340 0.666666666667
341 1.0
342 2.0
343 0.25
344 1.0
345 3.0
346 0.333333333333
347 9.0
348 0.333333333333
349 2.0
350 0.333333333333
351 1.5
352 1.0
353 0.333333333333
354 1.0
355 7.0
356 0.142857142857
357 3.0
358 0.666666666667
359 0.5
360 9.0
361 0.222222222222
362 0.5
363 1.0
364 2.0
365 1.0
366 1.0
367 1.0
368 2.5
369 0.6
370 1.0
371 0.333333333333
372 6.0
373 0.666666666667
374 1.25
375 1.4
376 0.857142857143
377 0.5
378 0.666666666667
379 0.5
380 6.0
381 0.166666666667
382 2.0
383 3.0
384 0.166666666667
385 3.0
386 1.0
387 1.66666666667
388 0.2
389 1.0
390 3.0
391 1.66666666667
392 0.8
393 1.25
394 1.8
395 0.333333333333
396 0.666666666667
397 0.5
398 5.0
399 0.2
400 3.0
401 0.333333333333
402 1.0
403 1.0
404 5.0
405 0.2
406 3.0
407 2.0
408 0.5
409 1.66666666667
410 0.4
411 1.0
412 2.0
413 1.25
414 0.2
415 4.0
416 1.0
417 2.0
418 0.375
419 1.33333333333
420 0.25
421 6.0
422 0.333333333333
423 2.0
424 0.75
425 1.0
426 1.0
427 1.66666666667
428 1.8
429 0.555555555556
430 1.4
431 0.571428571429
432 0.75
433 3.0
434 0.888888888889
435 0.125
436 2.0
437 2.5
438 0.6
439 1.0
440 0.666666666667
441 2.5
442 0.8
443 1.0
444 0.25
445 2.0
446 1.0
447 0.5
448 5.0
449 1.2
450 1.16666666667
451 0.285714285714
452 0.5
453 3.0
454 2.33333333333
455 0.142857142857
456 9.0
457 0.111111111111
458 5.0
459 1.4
460 0.428571428571
461 1.0
462 0.333333333333
463 8.0
464 0.75
465 0.166666666667
466 5.0
467 0.6
468 1.33333333333
469 1.25
470 0.8
471 2.75
472 0.0909090909091
473 3.0
474 3.66666666667
475 0.636363636364
476 0.428571428571
477 1.66666666667
478 0.4
479 0.5
480 6.0
481 0.166666666667
482 7.0
483 0.714285714286
484 1.2
485 1.33333333333
486 0.375
487 2.33333333333
488 0.714285714286
489 0.6
490 1.33333333333
491 0.75
492 2.33333333333
493 1.28571428571
494 0.444444444444
495 0.25
496 5.0
497 0.8
498 1.0
499 3.0
500 0.75
501 1.11111111111
502 0.2
503 0.5
504 7.0
505 1.42857142857
506 0.3
507 5.0
508 0.133333333333
509 3.0
510 1.0
511 0.5
512 0.333333333333
513 1.0
514 5.0
515 0.2
516 3.0
517 1.33333333333
518 1.25
519 1.0
520 1.2
521 0.5
522 1.33333333333
523 1.0
524 0.75
525 1.0
526 1.33333333333
527 0.5
528 3.5
529 0.428571428571
530 1.33333333333
531 0.5
532 0.5
533 4.0
534 2.0
535 0.875
536 0.142857142857
537 3.0
538 1.0
539 0.666666666667
540 3.5
541 0.571428571429
542 0.75
543 0.666666666667
544 2.0
545 2.0
546 0.5
547 1.5
548 0.166666666667
549 14.0
550 0.5
551 0.285714285714
552 2.0
553 1.25
554 0.6
555 3.0
556 0.444444444444
557 0.5
558 2.0
559 1.25
560 0.8
561 0.25
562 1.0
563 3.0
564 0.666666666667
565 2.0
566 0.25
567 4.0
568 1.25
569 0.2
570 3.0
571 0.666666666667
572 0.5
573 1.0
574 7.0
575 0.714285714286
576 1.0
577 1.2
578 1.33333333333
579 0.75
580 0.5
581 3.0
582 0.222222222222
583 1.5
584 0.666666666667
585 1.5
586 0.666666666667
587 1.5
588 1.33333333333
589 0.25
590 6.0
591 0.166666666667
592 6.0
593 0.833333333333
594 1.0
595 1.6
596 0.5
597 1.25
598 0.6
599 0.666666666667
600 1.5
601 2.0
602 0.666666666667
603 0.5
604 0.5
605 4.0
606 0.25
607 3.0
608 0.333333333333
609 1.0
610 4.0
611 0.25
612 5.0
613 1.0
614 0.8
615 0.25
616 4.0
617 0.25
618 6.0
619 0.666666666667
620 2.0
621 0.125
622 1.0
623 8.0
624 0.125
625 1.0
626 2.0
627 3.0
628 0.833333333333
629 0.6
630 1.33333333333
631 0.75
632 0.333333333333
633 3.0
634 2.33333333333
635 0.571428571429
636 1.0
637 0.75
638 0.333333333333
639 4.0
640 0.5
641 1.0
642 2.5
643 0.2
644 7.0
645 0.428571428571
646 2.0
647 1.66666666667
648 0.4
649 0.25
650 5.0
651 0.6
652 1.33333333333
653 1.0
654 0.25
655 8.0
656 0.625
657 0.2
658 7.0
659 1.0
660 0.142857142857
661 1.0
662 1.0
663 2.0
664 0.5
665 2.0
666 1.5
667 1.0
668 0.333333333333
669 5.0
670 0.2
671 9.0
672 0.777777777778
673 0.142857142857
674 4.0
675 0.25
676 3.0
677 1.33333333333
678 1.5
679 0.666666666667
680 1.0
681 1.25
682 0.8
683 0.75
684 3.33333333333
685 0.3
686 0.666666666667
687 3.0
688 0.5
689 1.66666666667
690 1.0
691 0.4
692 2.5
693 0.4
694 0.5
695 3.0
696 1.0
697 0.666666666667
698 1.0
699 1.0
700 1.5
701 0.666666666667
702 1.0
703 0.5
704 4.0
705 0.5
706 1.5
707 0.333333333333
708 1.0
709 3.0
710 0.333333333333
711 2.0
712 1.5
713 0.666666666667
714 1.5
715 0.666666666667
716 1.0
717 1.5
718 1.0
719 0.333333333333
720 2.0
721 2.5
722 1.0
723 0.8
724 2.0
725 0.5
726 0.5
727 2.5
728 0.8
729 1.0
730 0.75
731 0.666666666667
732 2.0
733 0.75
734 1.33333333333
735 1.0
736 0.5
737 0.5
738 6.0
739 0.5
740 1.0
741 3.33333333333
742 0.4
743 1.25
744 1.4
745 0.571428571429
746 1.0
747 0.75
748 2.0
749 0.333333333333
750 2.0
751 0.75
752 1.0
753 0.333333333333
754 5.0
755 0.2
756 4.0
757 0.25
758 1.0
759 1.0
760 4.0
761 0.5
762 1.5
763 1.66666666667
764 1.2
765 0.166666666667
766 8.0
767 0.375
768 0.333333333333
769 4.0
770 2.25
771 0.222222222222
772 1.5
773 1.66666666667
774 1.2
775 0.166666666667
776 3.0
777 1.0
778 0.666666666667
779 1.5
780 2.0
781 0.333333333333
782 0.5
783 3.0
784 0.666666666667
785 2.0
786 1.25
787 0.6
788 0.666666666667
789 1.0
790 1.0
791 1.5
792 1.66666666667
793 0.8
794 1.25
795 0.2
796 1.0
797 3.0
798 1.66666666667
799 0.2
800 4.0
801 1.0
802 0.25
803 6.0
804 0.666666666667
805 0.25
806 3.0
807 1.0
808 2.66666666667
809 0.375
810 1.0
811 1.33333333333
812 2.0
813 0.375
814 0.333333333333
815 2.0
816 3.0
817 0.666666666667
818 1.25
819 1.4
820 0.857142857143
821 0.166666666667
822 3.0
823 1.33333333333
824 0.5
825 1.5
826 0.333333333333
827 4.0
828 0.75
829 1.33333333333
830 1.0
831 1.0
832 0.5
833 2.5
834 0.4
835 2.0
836 0.5
837 1.0
838 2.0
839 1.25
840 0.8
841 1.5
842 0.666666666667
843 0.75
844 1.33333333333
845 1.25
846 0.6
847 0.333333333333
848 4.0
849 0.75
850 0.333333333333
851 7.0
852 0.571428571429
853 1.25
854 1.0
855 0.6
856 1.66666666667
857 0.6
858 1.66666666667
859 0.8
860 0.25
861 3.0
862 1.66666666667
863 0.2
864 3.0
865 1.0
866 1.33333333333
867 1.25
868 0.8
869 1.0
870 0.25
871 1.0
872 3.0
873 0.666666666667
874 1.5
875 1.0
876 1.33333333333
877 1.0
878 0.75
879 0.333333333333
880 1.0
881 5.0
882 0.2
883 1.0
884 5.0
885 0.6
886 1.66666666667
887 0.6
888 2.0
889 0.666666666667
890 0.25
891 5.0
892 0.8
893 1.0
894 1.0
895 0.75
896 1.0
897 1.66666666667
898 0.8
899 1.0
900 0.5
901 1.5
902 0.666666666667
903 1.5
904 1.33333333333
905 0.75
906 1.66666666667
907 0.2
908 4.0
909 0.5
910 2.0
911 0.75
912 0.666666666667
913 4.0
914 0.25
915 2.5
916 0.8
917 0.25
918 2.0
919 2.5
920 0.4
921 3.0
922 0.5
923 0.333333333333
924 6.0
925 0.666666666667
926 0.75
927 1.66666666667
928 0.6
929 1.33333333333
930 0.5
931 2.0
932 0.75
933 0.333333333333
934 2.0
935 2.0
936 0.5
937 4.0
938 0.125
939 5.0
940 0.8
941 0.75
942 1.66666666667
943 0.6
944 3.66666666667
945 0.272727272727
946 1.33333333333
947 0.75
948 1.0
949 0.333333333333
950 8.0
951 0.375
952 3.0
953 0.333333333333
954 0.333333333333
955 1.0
956 6.0
957 0.833333333333
958 0.2
959 3.0
960 1.0
961 1.0
962 0.666666666667
963 1.0
964 2.0
965 0.75
966 1.0
967 0.666666666667
968 1.5
969 1.66666666667
970 0.2
971 3.0
972 0.333333333333
973 5.0
974 1.2
975 0.5
976 1.0
977 2.66666666667
978 0.5
979 0.75
980 2.33333333333
981 0.428571428571
982 1.0
983 1.66666666667
984 1.2
985 0.333333333333
986 1.5
987 0.666666666667
988 1.5
989 0.666666666667
990 1.5
991 1.66666666667
992 0.6
993 1.33333333333
994 1.0
995 0.25
996 1.0
997 1.0
998 3.0
999 0.333333333333
1000 3.0
1001 1.66666666667
1002 1.0
