1  719.0
2  1438.0
1  407320.0
2  37644.0
1  86144.0
2  582413.0
1  8827.0
2  94658.0
1  472459.0
2  47651.0
1  74153.0
2  20492.0
1  28890.0
2  60567.0
1  31972.0
2  1155329.0
1  23735.0
2  28072.0
1  1214.0
2  90678.0
1  771.0
2  95518.0
1  132889.0
2  195762.0
1  2330.0
2  39700.0
1  49639.0
2  6740.0
1  9494.0
2  148.0
1  92.0
2  25.0
1  111.0
2  5153.0
1  504564.0
2  989639.0
1  3282.0
2  3957.0
1  48.0
2  29.0
1  6.0
2  126.0
1  34.0
2  6.0
1  0.0
2  5.0
1  1058815.0
2  30669.0
1  2568090.0
2  106564.0
1  726467.0
2  36.0
1  55.0
2  172.0
1  14.0
2  16.0
1  34.0
2  46.0
1  38.0
2  15.0
1  14.0
2  9.0
1  25.0
2  63.0
1  33.0
2  19.0
1  23.0
2  38.0
1  70.0
2  61.0
1  27.0
2  19.0
1  31.0
2  29.0
1  13.0
2  12.0
1  21.0
2  7.0
1  89.0
2  27.0
1  38.0
2  49.0
1  92.0
2  24.0
1  42.0
2  41.0
1  38.0
2  10.0
1  14.0
2  1159.0
1  27.0
2  3.0
1  73.0
2  36.0
1  39.0
2  1.0
1  28.0
2  2.0
1  101.0
2  51.0
1  39.0
2  23.0
1  39.0
2  127.0
1  52.0
2  25.0
1  32.0
2  8.0
1  7.0
2  5.0
1  21.0
2  0.0
1  21.0
2  12.0
1  66.0
2  98.0
1  65.0
2  84.0
1  68.0
2  2.0
1  77.0
2  81.0
1  115.0
2  242.0
1  4.0
2  8.0
1  3.0
2  6.0
1  34.0
2  12.0
1  44.0
2  28.0
1  58.0
2  28.0
1  21.0
2  264.0
1  21.0
2  36.0
1  27.0
2  0.0
1  28.0
2  112.0
1  5.0
2  11.0
1  28.0
2  10.0
1  24.0
2  8.0
1  80.0
2  8.0
1  74.0
2  82.0
1  52.0
2  56.0
1  15.0
2  11.0
1  39.0
2  2.0
1  49.0
2  122.0
1  45.0
2  1.0
1  5.0
2  3.0
1  31.0
2  6.0
1  66.0
2  1.0
1  34.0
2  18.0
1  29.0
2  17.0
1  10.0
2  2.0
1  12.0
2  1.0
1  37.0
2  19.0
1  42.0
2  77321.0
1  675.0
2  43.0
1  57.0
2  94.0
1  11.0
2  23.0
1  41.0
2  10.0
1  40.0
2  12.0
1  25.0
2  144.0
1  36.0
2  135.0
1  85.0
2  146.0
1  139.0
2  154.0
1  274.0
2  53.0
1  96.0
2  113.0
1  94.0
2  227.0
1  81624.0
2  32.0
1  105.0
2  80.0
1  82.0
2  8.0
1  130.0
2  268.0
1  469.0
2  148.0
1  48.0
2  275.0
1  4547.0
2  208.0
1  70.0
2  17.0
1  601401.0
2  38235.0
1  9558.0
2  71762.0
1  46498.0
2  357.0
1  18.0
2  1.0
1  6.0
2  2.0
1  23.0
2  129.0
1  47.0
2  9.0
1  51.0
2  18.0
1  2.0
2  3.0
1  5.0
2  5.0
1  58.0
2  1.0
1  163.0
2  169.0
1  257.0
2  116.0
1  51.0
2  173.0
1  23.0
2  117.0
1  64.0
2  38.0
1  29.0
2  7.0
1  42.0
2  1895.0
1  64.0
2  83.0
1  69.0
2  45.0
1  45.0
2  12.0
1  33.0
2  6.0
1  66.0
2  16.0
1  35.0
2  7.0
1  16.0
2  10.0
1  23.0
2  6.0
1  49.0
2  8.0
1  47.0
2  11.0
1  24.0
2  22.0
1  13.0
2  6.0
1  32.0
2  7.0
1  41.0
2  1.0
1  82.0
2  7.0
1  100.0
2  194.0
1  44.0
2  12673.0
1  14824.0
2  7856.0
1  221418.0
2  782.0
1  1729955.0
2  23266.0
1  13918.0
2  6293.0
1  4144.0
2  19.0
1  96.0
2  92.0
1  13.0
2  1.0
1  14.0
2  9.0
1  33.0
2  23.0
1  1388.0
2  4277.0
1  4974.0
2  25.0
1  30.0
2  32.0
1  24.0
2  19.0
1  482.0
2  93.0
1  51.0
2  111011.0
1  80.0
2  51.0
1  31.0
2  37.0
1  42.0
2  18.0
1  31.0
2  0.0
1  11.0
2  11.0
1  35.0
2  26.0
1  41.0
2  5.0
1  49.0
2  8377.0
1  30.0
2  60.0
1  73.0
2  25.0
1  40.0
2  5.0
1  15.0
2  0.0
1  96.0
2  86.0
1  72.0
2  26.0
1  105.0
2  29.0
1  98.0
2  18.0
1  42.0
2  20.0
1  23.0
2  12.0
1  22.0
2  32.0
1  1.0
2  30.0
1  7.0
2  6.0
1  90.0
2  143537.0
1  2447.0
2  3739.0
1  18651.0
2  255.0
1  64.0
2  56.0
1  81.0
2  75279.0
1  36.0
2  16.0
1  105.0
2  1305059.0
1  237.0
2  867.0
1  57352.0
2  106349.0
1  5683.0
2  28.0
1  41.0
2  70.0
1  21.0
2  22.0
1  33.0
2  6.0
1  45.0
2  140.0
1  19.0
2  6.0
1  18.0
2  12.0
1  29.0
2  15.0
1  66.0
2  97.0
1  40.0
2  27.0
1  69.0
2  43.0
1  14.0
2  63.0
1  44.0
2  36.0
1  48.0
2  30.0
1  219.0
2  32.0
1  69.0
2  109.0
1  8.0
2  44.0
1  94.0
2  236.0
1  10.0
2  87.0
1  13.0
2  3.0
1  8.0
2  1.0
1  4.0
2  16.0
1  22.0
2  2267.0
1  32044.0
2  273439.0
1  2745.0
2  15759.0
1  3637.0
2  579.0
1  43.0
2  3834.0
1  817.0
2  7511.0
1  937.0
2  2568226.0
1  11009.0
2  278233.0
1  2874.0
2  2182.0
1  1203.0
2  141.0
1  138.0
2  74162.0
1  10337.0
2  7802.0
1  2114.0
2  198408.0
1  418.0
2  1995.0
1  49.0
2  35.0
1  19.0
2  3.0
1  15.0
2  9.0
1  3.0
2  5.0
1  21.0
2  25.0
1  43.0
2  9.0
1  3.0
2  7.0
1  14.0
2  7.0
1  5.0
2  55.0
1  57.0
2  15.0
1  22.0
2  27.0
1  11.0
2  3.0
1  24.0
2  12.0
1  27.0
2  15.0
1  33.0
2  170.0
1  29.0
2  7.0
1  2.0
2  6.0
1  27.0
2  11.0
1  27.0
2  15.0
1  18.0
2  14.0
1  30.0
2  5.0
1  3.0
2  4.0
1  30.0
2  82683.0
1  1585.0
2  22.0
1  13.0
2  22.0
1  24.0
2  15.0
1  23.0
2  1.0
1  18.0
2  11.0
1  0.0
2  21.0
1  8.0
2  12.0
1  14.0
2  22.0
1  42.0
2  41.0
1  27.0
2  90.0
1  59.0
2  20.0
1  13.0
2  36.0
1  24.0
2  33.0
1  12.0
2  1.0
1  6.0
2  19.0
1  21.0
2  59.0
1  70.0
2  51.0
1  22.0
2  9.0
1  24.0
2  37.0
1  38.0
2  49.0
1  24.0
2  1.0
1  11.0
2  5.0
1  20.0
2  72.0
1  29.0
2  91.0
1  46.0
2  103.0
1  113235.0
2  129654.0
1  6262.0
2  71229.0
1  90.0
2  203.0
1  53.0
2  6.0
1  6.0
2  0.0
1  35.0
2  15137.0
1  4078.0
2  130156.0
1  5244.0
2  8937.0
1  91971.0
2  28297.0
1  24593.0
2  138403.0
1  3673.0
2  34178.0
1  20.0
2  94.0
1  27.0
2  1032.0
1  65.0
2  2150.0
1  792.0
2  11866.0
1  8792.0
2  121559.0
1  27.0
2  21.0
1  55.0
2  27.0
1  50.0
2  47.0
1  6.0
2  5.0
1  49.0
2  30.0
1  64.0
2  68.0
1  47.0
2  121.0
1  15.0
2  23.0
1  36.0
2  63.0
1  36.0
2  116677.0
1  14956.0
2  12417.0
1  11723.0
2  5433.0
1  4859.0
2  5560.0
1  72468.0
2  77021.0
1  3745.0
2  88434.0
1  8931.0
2  53.0
1  20.0
2  6.0
1  7.0
2  0.0
1  16.0
2  11.0
1  20.0
2  22.0
1  24.0
2  9.0
1  43.0
2  21.0
1  11.0
2  10.0
1  6.0
2  13.0
1  65.0
2  28.0
1  31.0
2  6.0
1  9.0
2  6.0
1  24.0
2  0.0
1  21.0
2  14.0
1  9.0
2  4.0
1  22.0
2  19.0
1  25.0
2  5.0
1  17.0
2  11.0
1  15.0
2  3.0
1  14.0
2  2.0
1  46.0
2  75.0
1  60.0
2  34.0
1  46.0
2  213.0
1  23.0
2  116.0
1  22.0
2  102.0
1  14.0
2  121.0
1  20.0
2  72.0
1  63.0
2  14.0
1  18.0
2  12.0
1  24.0
2  56.0
1  54.0
2  24.0
1  27.0
2  31.0
1  38.0
2  73.0
1  67.0
2  82.0
1  46.0
2  275.0
1  27.0
2  49.0
1  22.0
2  16.0
1  238951.0
2  39.0
1  11.0
2  30.0
1  47.0
2  14.0
1  54.0
2  12.0
1  30.0
2  14.0
1  2.0
2  12.0
1  40.0
2  96.0
1  31.0
2  22.0
1  19.0
2  22.0
1  5.0
2  2.0
1  24.0
2  18.0
1  44.0
2  26.0
1  33.0
2  12.0
1  3.0
2  1.0
1  49.0
2  15.0
1  119.0
2  31.0
1  54.0
2  11.0
1  15.0
2  17.0
1  110.0
2  19.0
1  48.0
2  15.0
1  46.0
2  2057.0
1  346.0
2  401.0
1  65.0
2  27.0
1  44.0
2  104.0
1  18.0
2  3.0
1  43.0
2  169666.0
1  79.0
2  24.0
1  46.0
2  23.0
1  65.0
2  10.0
1  31.0
2  56.0
1  16.0
2  19.0
1  34.0
2  26.0
1  20.0
2  14.0
1  54.0
2  19.0
1  13.0
2  14.0
1  8.0
2  15.0
1  34.0
2  11425.0
1  956.0
2  5270.0
1  31176.0
2  23237.0
1  16656.0
2  24953.0
1  56759.0
2  12341.0
1  8093.0
2  2677538.0
1  49.0
2  4308.0
1  25829.0
2  22259.0
1  71.0
2  368.0
1  28558.0
2  20392.0
1  42901.0
2  8306.0
1  186223.0
2  38.0
1  10.0
2  10.0
1  37.0
2  363.0
1  12.0
2  11.0
1  46.0
2  51.0
1  26.0
2  7.0
1  14.0
2  82624.0
1  4526.0
2  1020.0
1  89.0
2  4451.0
1  233740.0
2  100287.0
1  40605.0
2  52339.0
1  1378.0
2  155.0
1  43.0
2  83.0
1  41.0
2  18.0
1  23.0
2  32.0
1  424209.0
2  391.0
1  29.0
2  42.0
1  21.0
2  111.0
1  57.0
2  56.0
1  7.0
2  5.0
1  166.0
2  39.0
1  15.0
2  19.0
1  24.0
2  48.0
1  56.0
2  22.0
1  57.0
2  31.0
1  24.0
2  340.0
1  28.0
2  332.0
1  80.0
2  16.0
1  48.0
2  70.0
1  42.0
2  46.0
1  20.0
2  7.0
1  1.0
2  19.0
1  2.0
2  12.0
1  10.0
2  13.0
1  3.0
2  16.0
1  19.0
2  53.0
1  26.0
2  2.0
1  8.0
2  2.0
1  9.0
2  3.0
1  43.0
2  114.0
1  10.0
2  10.0
1  30.0
2  24.0
1  33.0
2  53.0
1  31.0
2  22.0
1  23.0
2  31.0
1  958728.0
2  6959.0
1  3178.0
2  792.0
1  710.0
2  92.0
1  65.0
2  8.0
1  11.0
2  7.0
1  44.0
2  65.0
1  28.0
2  33.0
1  1.0
2  12.0
1  36.0
2  113.0
1  15.0
2  3.0
1  42.0
2  57094.0
1  13120.0
2  6719.0
1  69741.0
2  4728.0
1  32.0
2  14.0
1  45.0
2  6.0
1  23.0
2  13.0
1  0.0
2  12.0
1  37.0
2  243.0
1  32.0
2  15.0
1  50.0
2  17.0
1  84.0
2  4961.0
1  42.0
2  80.0
1  64.0
2  17.0
1  18.0
2  0.0
1  34.0
2  81.0
1  9167.0
2  89535.0
1  29.0
2  276.0
1  28.0
2  45.0
1  22.0
2  252.0
1  21.0
2  5068.0
1  61.0
2  13.0
1  22.0
2  9.0
1  53.0
2  31.0
1  33.0
2  35.0
1  49.0
2  25.0
1  16.0
2  21.0
1  15.0
2  387.0
1  16.0
2  6.0
1  3.0
2  10.0
1  2.0
2  3.0
1  14.0
2  12.0
1  41.0
2  23.0
1  14.0
2  299470.0
1  2140.0
2  124222.0
1  70.0
2  49.0
1  13.0
2  38.0
1  28.0
2  28.0
1  12.0
2  13.0
1  26.0
2  37.0
1  72.0
2  457.0
1  188.0
2  87.0
1  115.0
2  53.0
1  67.0
2  126.0
1  44.0
2  40.0
1  76.0
2  113.0
1  86.0
2  4661.0
1  49.0
2  20.0
1  50.0
2  24.0
1  41.0
2  12.0
1  22.0
2  13.0
1  11.0
2  385.0
1  30.0
2  21.0
1  0.0
2  5.0
1  7.0
2  1.0
1  94493.0
2  62.0
1  22.0
2  16.0
1  11.0
2  15.0
1  20.0
2  15.0
1  29.0
2  548103.0
1  77.0
2  26.0
1  12.0
2  16.0
1  27.0
2  8.0
1  25.0
2  80.0
1  65.0
2  38399.0
1  234916.0
2  46.0
1  33.0
2  6.0
1  25.0
2  7.0
1  25.0
2  5.0
1  6.0
2  6.0
1  34.0
2  70.0
1  42.0
2  3.0
1  2.0
2  27.0
1  0.0
2  12.0
1  3.0
2  12.0
1  34.0
2  14.0
1  17.0
2  1.0
1  34.0
2  30.0
1  28.0
2  20.0
1  17.0
2  112.0
1  27.0
2  21.0
1  16.0
2  3.0
1  5.0
2  12.0
1  26.0
2  12.0
1  16.0
2  8323.0
1  242.0
2  485.0
1  56.0
2  26.0
1  22.0
2  44.0
1  25.0
2  3.0
1  3.0
2  2.0
1  15.0
2  8.0
1  31.0
2  7.0
1  6.0
2  19.0
1  2.0
2  38.0
1  50.0
2  30.0
1  23.0
2  1.0
1  14.0
2  10.0
1  27.0
2  21.0
1  17.0
2  25.0
1  18.0
2  6.0
1  17.0
2  12.0
1  1.0
2  28.0
1  28.0
2  2.0
1  22.0
2  12.0
1  87.0
2  3.0
1  13.0
2  69001.0
1  4979.0
2  67945.0
1  4444.0
2  822.0
1  11143.0
2  12067.0
1  2064.0
2  115553.0
1  35055.0
2  46660.0
1  42.0
2  140.0
1  33.0
2  29707337.0
1  5696.0
2  61655.0
1  5952.0
2  2984.0
1  220.0
2  301.0
1  1962.0
2  297.0
1  28.0
2  129.0
1  42.0
2  326.0
1  31.0
2  1138.0
1  1981.0
2  2150.0
1  8452.0
2  46516.0
1  12703.0
2  548758.0
1  91.0
2  159.0
1  45.0
2  10.0
1  38.0
2  1747.0
1  38.0
2  11.0
1  165.0
2  6399.0
1  34.0
2  66.0
1  48.0
2  52.0
1  14.0
2  39.0
1  56.0
2  8.0
1  87.0
2  600959.0
1  46.0
2  46.0
1  34.0
2  27.0
1  23.0
2  51.0
1  4.0
2  30.0
1  64.0
2  8.0
1  74.0
2  142.0
1  48.0
2  185.0
1  88.0
2  241.0
1  59.0
2  24.0
1  46.0
2  3.0
1  4.0
2  2.0
1  46.0
2  30.0
1  73.0
2  38.0
1  59.0
2  251469.0
1  836.0
2  825.0
1  191.0
2  5354.0
1  44.0
2  36.0
1  74.0
2  21.0
1  25.0
2  10.0
1  46.0
2  27.0
1  57.0
2  18.0
1  16.0
2  67.0
1  17.0
2  38.0
1  59.0
2  41.0
1  25.0
2  17.0
1  29.0
2  42.0
1  43.0
2  12.0
1  42.0
2  37.0
1  63.0
2  8.0
1  118.0
2  21.0
1  18.0
2  15.0
1  2.0
2  15.0
1  26.0
2  0.0
1  20.0
2  22.0
1  55.0
2  8.0
1  49.0
2  17.0
1  32.0
2  15.0
1  58.0
2  63.0
1  86.0
2  41.0
1  34.0
2  42.0
1  36.0
2  7.0
1  25.0
2  76.0
1  47.0
2  6.0
1  26.0
2  4.0
1  18.0
2  10.0
1  98.0
2  66.0
1  29.0
2  72.0
1  51.0
2  15.0
1  28.0
2  23.0
1  20.0
2  5.0
1  24.0
2  8.0
1  49.0
2  16.0
1  7.0
2  80.0
1  27.0
2  21.0
1  61.0
2  18.0
1  46.0
2  22.0
1  71.0
2  53.0
1  34.0
2  15.0
1  17.0
2  5.0
1  33.0
2  44.0
1  18.0
2  10.0
1  27.0
2  11.0
1  20.0
2  10.0
1  82.0
2  10.0
1  53.0
2  12.0
1  19.0
2  17.0
1  46.0
2  29.0
1  41.0
2  24.0
1  73.0
2  15.0
1  58.0
2  3.0
1  4.0
2  21.0
1  10.0
2  23.0
1  31.0
2  27.0
1  74.0
2  11.0
1  59.0
2  80.0
1  46.0
2  30.0
1  77.0
2  61.0
1  105.0
2  43.0
1  3.0
2  88.0
1  41.0
2  4.0
1  34.0
2  6.0
1  87.0
2  119.0
1  131.0
2  123.0
1  82.0
2  13.0
1  62.0
2  9.0
1  5.0
2  15.0
1  12.0
2  39.0
1  24.0
2  72.0
1  18.0
2  30.0
1  10.0
2  26.0
1  41.0
2  67.0
1  23.0
2  7.0
1  24.0
2  25.0
1  9.0
2  8.0
1  5.0
2  14.0
1  19.0
2  131112.0
1  1765.0
2  1651.0
