0 0
2 0.142857142857
3 9.0
4 0.777777777778
5 1.0
6 0.142857142857
7 4.0
8 3.75
9 0.333333333333
10 0.2
11 3.0
12 2.0
13 1.16666666667
14 0.571428571429
15 1.0
16 1.0
17 0.25
18 9.0
19 0.111111111111
20 5.0
21 0.8
22 2.75
23 0.0909090909091
24 8.0
25 0.5
26 0.5
27 1.0
28 1.5
29 2.66666666667
30 1.25
31 0.1
32 3.0
33 2.0
34 0.166666666667
35 1.0
36 2.0
37 2.0
38 0.25
39 5.0
40 0.2
41 3.0
42 1.0
43 0.666666666667
44 2.5
45 1.0
46 1.2
47 0.333333333333
48 1.0
49 0.5
50 6.0
51 0.833333333333
52 0.4
53 3.0
54 0.166666666667
55 8.0
56 1.25
57 0.1
58 4.0
59 0.75
60 0.333333333333
61 3.0
62 0.333333333333
63 22.0
64 0.0454545454545
65 5.0
66 1.0
67 1.2
68 0.833333333333
69 0.2
70 1.0
71 4.0
72 3.25
73 0.538461538462
74 0.142857142857
75 1.0
76 4.0
77 0.25
78 7.0
79 0.142857142857
80 4.0
81 1.0
82 1.25
83 1.4
84 0.142857142857
85 3.0
86 0.333333333333
87 6.0
88 0.166666666667
89 11.0
90 0.545454545455
91 0.166666666667
92 4.0
93 1.75
94 0.571428571429
95 5.0
96 0.15
97 3.33333333333
98 0.7
99 1.0
100 1.14285714286
101 0.125
102 3.0
103 3.0
104 0.333333333333
105 2.0
106 1.0
107 1.0
108 1.16666666667
109 0.571428571429
110 1.0
111 1.75
112 0.142857142857
113 8.0
114 0.875
115 1.57142857143
116 0.272727272727
117 2.0
118 0.5
119 2.0
120 0.166666666667
121 5.0
122 2.6
123 0.384615384615
124 0.2
125 5.0
126 0.8
127 0.25
128 1.0
129 7.0
130 1.71428571429
131 0.5
132 1.16666666667
133 1.42857142857
134 0.4
135 0.75
136 1.0
137 0.333333333333
138 9.0
139 0.777777777778
140 0.571428571429
141 1.0
142 0.75
143 4.33333333333
144 0.384615384615
145 1.2
146 0.333333333333
147 0.5
148 2.0
149 4.0
150 0.875
151 1.0
152 0.142857142857
153 9.0
154 1.11111111111
155 0.6
156 0.166666666667
157 1.0
158 19.0
159 0.0526315789474
160 3.0
161 0.333333333333
162 4.0
163 1.5
164 0.5
165 2.33333333333
166 0.285714285714
167 2.5
168 1.4
169 0.285714285714
170 2.0
171 0.5
172 0.5
173 6.0
174 0.833333333333
175 0.2
176 6.0
177 0.833333333333
178 0.2
179 3.0
180 1.66666666667
181 2.4
182 0.5
183 0.166666666667
184 2.0
185 2.5
186 0.8
187 1.75
188 1.28571428571
189 0.777777777778
190 0.142857142857
191 4.0
192 0.25
193 3.0
194 0.333333333333
195 5.0
196 0.2
197 3.0
198 2.0
199 0.166666666667
200 1.0
201 1.0
202 4.0
203 1.5
204 0.166666666667
205 4.0
206 0.25
207 6.0
208 0.166666666667
209 4.0
210 0.5
211 0.5
212 7.0
213 0.142857142857
214 9.0
215 0.111111111111
216 6.0
217 1.0
218 0.166666666667
219 4.0
220 2.5
221 0.1
222 4.0
223 0.25
224 1.0
