0 0
2 1.5
3 0.333333333333
4 0.5
5 5.0
6 1.4
7 0.714285714286
8 0.4
9 4.5
10 0.777777777778
11 1.28571428571
12 0.555555555556
13 1.4
14 0.142857142857
15 1.0
16 1.0
17 1.0
18 2.0
19 1.0
20 1.0
21 0.5
22 6.0
23 1.83333333333
24 0.636363636364
25 0.857142857143
26 1.33333333333
27 0.25
28 2.5
29 1.0
30 0.6
31 0.333333333333
32 4.0
33 0.25
34 2.0
35 1.5
36 1.0
37 1.33333333333
38 0.5
39 3.0
40 0.833333333333
41 1.2
42 1.0
43 0.666666666667
44 1.0
45 0.25
46 3.0
47 2.33333333333
48 0.857142857143
49 1.16666666667
50 0.142857142857
51 4.0
52 1.5
53 1.33333333333
54 0.5
55 1.5
56 0.166666666667
57 3.0
58 2.66666666667
59 0.375
60 3.66666666667
61 0.363636363636
62 2.0
63 1.625
64 0.923076923077
65 0.583333333333
66 0.571428571429
67 1.5
68 0.166666666667
69 7.0
70 0.714285714286
71 1.8
72 0.888888888889
73 1.0
74 0.5
75 0.25
76 8.0
77 1.0
78 0.875
79 0.714285714286
80 0.2
81 2.0
82 1.5
83 1.0
84 1.33333333333
85 1.25
86 0.2
87 3.0
88 1.66666666667
89 1.2
90 1.0
91 0.333333333333
92 2.0
93 1.5
94 0.666666666667
95 0.5
96 4.0
97 1.0
98 1.125
99 0.111111111111
100 1.0
101 2.0
102 1.0
103 2.5
104 1.4
105 0.714285714286
106 1.0
107 0.4
108 3.0
109 0.833333333333
110 0.2
111 3.0
112 1.66666666667
113 2.0
114 0.6
115 0.833333333333
116 0.2
117 5.0
118 0.2
119 2.0
120 1.5
121 1.33333333333
122 1.75
123 0.142857142857
124 2.0
125 2.5
126 0.2
127 3.0
128 3.0
129 0.888888888889
130 0.375
131 2.0
132 0.166666666667
133 3.0
134 2.33333333333
135 0.714285714286
136 0.2
137 1.0
138 1.0
139 1.0
140 6.0
141 0.333333333333
142 1.5
