1  0
1  0
1  2700.0
2  2700.0
2  31740.0
1  31740.0
1  169380.0
2  169380.0
2  53460.0
1  53460.0
1  27300.0
2  420.0
1  420.0
1  420.0
1  420.0
1  960.0
2  5220.0
1  5220.0
1  15420.0
2  15420.0
2  15420.0
2  300.0
1  300.0
1  0.0
2  0.0
2  0.0
1  0.0
1  0.0
2  0.0
2  0.0
2  0.0
1  0.0
1  0.0
1  0.0
1  0.0
1  4320.0
2  4320.0
2  140220.0
1  140220.0
1  12000.0
2  60.0
1  0.0
2  0.0
1  60.0
2  0.0
1  2700.0
2  300.0
1  300.0
1  2340.0
2  2340.0
2  154020.0
1  154020.0
1  8700.0
2  8700.0
2  8700.0
2  300.0
1  300.0
1  300.0
1  300.0
1  300.0
1  17100.0
2  60.0
1  60.0
1  60.0
1  60.0
1  60.0
1  60.0
1  60.0
2  60.0
2  0.0
1  0.0
1  0.0
1  0.0
1  0.0
1  60.0
2  0.0
1  0.0
2  0.0
1  1320.0
2  1320.0
2  33300.0
1  13560.0
2  360.0
1  60.0
2  0.0
1  0.0
2  0.0
2  0.0
2  60.0
1  60.0
1  0.0
2  0.0
2  1380.0
1  1380.0
1  60.0
2  0.0
1  0.0
1  0.0
1  85500.0
2  840.0
1  840.0
1  42840.0
2  42240.0
1  42240.0
1  42240.0
1  162780.0
2  60840.0
1  60840.0
1  60840.0
1  5340.0
2  5340.0
2  5340.0
2  1680.0
1  2100.0
2  2100.0
2  300.0
1  300.0
1  120.0
2  120.0
2  120.0
2  240.0
1  240.0
1  240.0
1  240.0
1  240.0
1  240.0
1  240.0
1  240.0
1  60.0
2  0.0
1  0.0
1  0.0
1  0.0
1  0.0
1  60.0
2  0.0
1  0.0
1  0.0
1  0.0
1  0.0
2  0.0
2  0.0
2  60.0
1  60.0
1  0.0
2  0.0
1  0.0
1  0.0
1  0.0
2  0.0
1  0.0
2  0.0
1  0.0
1  0.0
2  0.0
2  0.0
2  0.0
1  0.0
1  0.0
1  60.0
2  0.0
1  0.0
2  0.0
1  0.0
1  0.0
1  0.0
2  0.0
1  60.0
2  0.0
1  0.0
1  0.0
1  0.0
2  0.0
1  60.0
2  60.0
2  60.0
2  0.0
1  0.0
1  0.0
1  0.0
1  6180.0
2  6180.0
2  23460.0
1  23460.0
1  23460.0
1  9600.0
2  1932300.0
1  3480.0
2  480.0
1  60.0
2  60.0
2  0.0
1  0.0
1  0.0
2  120.0
1  120.0
1  120.0
1  0.0
2  60.0
1  60.0
2  0.0
1  0.0
1  0.0
1  0.0
1  0.0
1  60.0
2  0.0
1  0.0
1  0.0
1  240.0
2  240.0
2  0.0
1  0.0
1  0.0
1  600.0
2  600.0
2  600.0
2  600.0
2  120.0
1  120.0
1  120.0
1  120.0
1  1200.0
2  1200.0
2  1200.0
2  0.0
1  0.0
1  0.0
1  60.0
2  0.0
1  0.0
1  0.0
2  0.0
1  120.0
2  120.0
2  0.0
1  0.0
2  60.0
1  60.0
1  0.0
2  0.0
1  0.0
1  120.0
2  180.0
1  60.0
2  60.0
2  60.0
2  60.0
1  60.0
1  60.0
2  60.0
1  240.0
2  240.0
2  60.0
1  60.0
1  60.0
1  60.0
2  0.0
1  0.0
1  0.0
1  480.0
2  480.0
2  60.0
1  60.0
1  1260.0
2  1260.0
2  300.0
1  300.0
1  240.0
2  0.0
1  0.0
1  60.0
2  60.0
1  60.0
1  60.0
2  60.0
2  60.0
2  0.0
1  0.0
1  0.0
1  60.0
2  60.0
2  60.0
1  60.0
1  60.0
1  0.0
2  0.0
2  120.0
1  120.0
1  240.0
2  300.0
1  300.0
1  120.0
2  120.0
2  60.0
1  60.0
1  60.0
1  265740.0
2  0.0
1  0.0
1  0.0
1  0.0
1  0.0
1  42540.0
2  42540.0
2  60.0
1  0.0
2  0.0
1  0.0
1  60.0
2  60.0
2  60.0
1  60.0
1  60.0
1  60.0
1  0.0
2  0.0
2  0.0
1  0.0
1  60.0
2  2340.0
1  2340.0
1  2340.0
1  2340.0
1  15120.0
2  63360.0
1  35520.0
2  44460.0
1  44460.0
1  100020.0
2  100020.0
2  60.0
1  60.0
1  0.0
2  491040.0
1  491040.0
1  491040.0
1  491040.0
1  491040.0
1  72900.0
2  2160.0
1  2160.0
1  137040.0
2  20280.0
1  15660.0
2  6120.0
1  6120.0
1  6120.0
1  6120.0
1  6120.0
1  6120.0
1  180.0
2  607080.0
1  607080.0
1  607080.0
1  20220.0
2  20220.0
2  20220.0
2  11880.0
1  11880.0
1  11880.0
1  16920.0
2  1500.0
1  16920.0
2  240.0
1  240.0
