0
0
2700.0
31740.0
169380.0
53460.0
27300.0
420.0
420.0
420.0
960.0
5220.0
15420.0
300.0
0.0
0.0
0.0
0.0
0.0
0.0
0.0
4320.0
140220.0
12000.0
0.0
60.0
2700.0
300.0
2340.0
154020.0
8700.0
300.0
300.0
300.0
300.0
17100.0
60.0
60.0
60.0
60.0
60.0
60.0
0.0
0.0
0.0
0.0
60.0
0.0
1320.0
13560.0
60.0
0.0
60.0
0.0
1380.0
60.0
0.0
0.0
85500.0
840.0
42840.0
42240.0
42240.0
162780.0
60840.0
60840.0
5340.0
2100.0
300.0
120.0
240.0
240.0
240.0
240.0
240.0
240.0
240.0
60.0
0.0
0.0
0.0
0.0
60.0
0.0
0.0
0.0
0.0
60.0
0.0
0.0
0.0
0.0
0.0
0.0
0.0
0.0
0.0
60.0
0.0
0.0
0.0
0.0
60.0
0.0
0.0
0.0
60.0
0.0
0.0
0.0
6180.0
23460.0
23460.0
9600.0
3480.0
60.0
0.0
0.0
120.0
120.0
0.0
60.0
0.0
0.0
0.0
0.0
60.0
0.0
0.0
240.0
0.0
0.0
600.0
120.0
120.0
120.0
1200.0
0.0
0.0
60.0
0.0
0.0
120.0
0.0
60.0
0.0
0.0
120.0
60.0
60.0
60.0
240.0
60.0
60.0
60.0
0.0
0.0
480.0
60.0
1260.0
300.0
240.0
0.0
60.0
60.0
60.0
0.0
0.0
60.0
60.0
60.0
0.0
120.0
240.0
300.0
120.0
60.0
60.0
265740.0
0.0
0.0
0.0
0.0
42540.0
0.0
0.0
60.0
60.0
60.0
60.0
0.0
0.0
60.0
2340.0
2340.0
2340.0
15120.0
35520.0
44460.0
100020.0
60.0
0.0
491040.0
491040.0
491040.0
491040.0
72900.0
2160.0
137040.0
15660.0
6120.0
6120.0
6120.0
6120.0
6120.0
180.0
607080.0
607080.0
20220.0
11880.0
11880.0
16920.0
16920.0
240.0
