2700.0
31740.0
169380.0
53460.0
420.0
5220.0
15420.0
15420.0
300.0
0.0
0.0
0.0
0.0
0.0
4320.0
140220.0
60.0
0.0
0.0
300.0
2340.0
154020.0
8700.0
8700.0
300.0
60.0
60.0
0.0
0.0
0.0
1320.0
33300.0
360.0
0.0
0.0
0.0
60.0
0.0
1380.0
0.0
840.0
42240.0
60840.0
5340.0
5340.0
1680.0
2100.0
300.0
120.0
120.0
240.0
0.0
0.0
0.0
0.0
60.0
0.0
0.0
0.0
0.0
0.0
0.0
0.0
0.0
0.0
0.0
0.0
60.0
60.0
0.0
6180.0
23460.0
1932300.0
480.0
60.0
0.0
120.0
60.0
0.0
0.0
240.0
0.0
600.0
600.0
600.0
120.0
1200.0
1200.0
0.0
0.0
0.0
120.0
0.0
60.0
0.0
180.0
60.0
60.0
60.0
60.0
240.0
60.0
0.0
480.0
60.0
1260.0
300.0
0.0
60.0
60.0
60.0
0.0
60.0
60.0
0.0
120.0
300.0
120.0
60.0
0.0
42540.0
60.0
0.0
60.0
60.0
0.0
0.0
2340.0
63360.0
44460.0
100020.0
60.0
491040.0
2160.0
20280.0
6120.0
607080.0
20220.0
20220.0
11880.0
1500.0
240.0
