1  0.0
2  0.0
1  0.0
2  60.0
1  0.0
2  0.0
1  60.0
2  0.0
1  999720.0
2  0.0
1  60.0
2  0.0
1  0.0
2  60.0
1  120.0
2  0.0
1  0.0
2  0.0
1  0.0
2  0.0
1  0.0
2  0.0
1  0.0
2  0.0
1  2640.0
2  0.0
1  0.0
2  0.0
1  3600.0
2  0.0
1  802200.0
2  0.0
1  300.0
2  0.0
1  0.0
2  0.0
1  0.0
2  0.0
1  0.0
2  0.0
1  0.0
2  0.0
1  0.0
2  0.0
1  0.0
2  0.0
1  0.0
2  0.0
1  60.0
2  0.0
1  0.0
2  0.0
1  1589580.0
2  0.0
1  23520.0
2  7680.0
1  0.0
2  0.0
1  0.0
2  0.0
1  0.0
2  0.0
1  60.0
2  0.0
1  0.0
2  0.0
1  0.0
2  0.0
1  60.0
2  0.0
1  0.0
2  0.0
1  0.0
2  60.0
1  0.0
2  0.0
1  0.0
2  0.0
1  60.0
2  0.0
1  0.0
2  0.0
1  0.0
2  0.0
1  0.0
2  0.0
1  0.0
2  0.0
1  0.0
2  0.0
1  0.0
2  0.0
1  0.0
2  0.0
1  60.0
2  0.0
1  60.0
2  0.0
1  0.0
2  0.0
1  60.0
2  0.0
1  180.0
2  0.0
1  60.0
2  420.0
1  0.0
2  0.0
1  146880.0
2  0.0
1  0.0
2  0.0
1  0.0
2  0.0
1  0.0
2  0.0
1  0.0
2  0.0
1  60.0
2  0.0
1  0.0
2  60.0
1  0.0
2  0.0
1  0.0
2  0.0
1  0.0
2  0.0
1  0.0
2  0.0
1  0.0
2  341220.0
1  0.0
2  0.0
1  60.0
2  0.0
1  0.0
2  60.0
1  60.0
2  0.0
1  120.0
2  0.0
1  0.0
2  0.0
1  0.0
2  0.0
1  75960.0
2  0.0
1  85680.0
2  55860.0
1  0.0
2  0.0
1  0.0
2  0.0
1  0.0
2  0.0
1  0.0
2  0.0
1  0.0
2  0.0
1  0.0
2  0.0
1  0.0
2  60.0
1  0.0
2  0.0
1  23760.0
2  0.0
1  0.0
2  0.0
1  0.0
2  0.0
1  599940.0
2  0.0
1  0.0
2  0.0
1  44580.0
2  0.0
1  0.0
2  0.0
