0 0
2 2.25
3 1.33333333333
4 0.0833333333333
5 4.0
6 2.0
7 0.75
8 1.66666666667
9 0.6
10 0.5
11 2.33333333333
12 0.714285714286
13 0.4
14 2.5
15 0.2
16 1.0
17 2.0
18 4.5
19 0.111111111111
20 3.0
21 2.33333333333
22 0.428571428571
23 2.0
24 0.166666666667
25 2.0
26 1.0
27 1.5
28 1.0
29 0.333333333333
30 2.0
31 2.5
32 0.6
33 2.0
34 0.833333333333
35 0.6
36 1.66666666667
37 1.0
38 0.8
39 0.25
40 1.0
41 9.0
42 0.666666666667
43 1.0
44 1.5
45 0.111111111111
46 14.0
47 1.71428571429
48 0.416666666667
49 0.4
50 0.25
51 9.0
52 0.111111111111
53 3.0
54 0.333333333333
55 3.0
56 2.0
57 0.5
58 0.333333333333
59 3.0
60 0.333333333333
61 6.0
62 0.5
63 1.33333333333
64 0.5
65 1.0
66 2.5
67 0.2
68 1.0
69 5.0
70 0.8
71 1.5
72 0.166666666667
73 7.0
74 1.14285714286
75 1.375
76 0.727272727273
77 0.125
78 1.0
79 1.0
80 2.0
81 8.0
82 0.3125
83 0.6
84 8.0
85 0.791666666667
86 0.210526315789
87 1.0
88 3.0
89 0.333333333333
90 1.25
91 0.8
92 1.25
93 0.2
94 5.0
95 1.8
96 0.555555555556
97 0.2
98 7.0
99 0.857142857143
100 0.666666666667
101 1.5
102 1.0
103 1.5
104 0.111111111111
105 7.0
106 0.142857142857
107 3.0
108 3.0
109 1.55555555556
110 0.142857142857
111 2.0
112 2.0
113 0.125
114 3.0
115 1.0
116 1.0
117 1.0
118 2.33333333333
119 0.571428571429
120 0.5
121 2.5
122 1.4
123 0.571428571429
124 1.75
125 0.857142857143
126 1.66666666667
127 0.7
128 0.714285714286
129 2.0
130 0.3
131 0.666666666667
132 2.5
133 1.4
134 0.857142857143
135 0.833333333333
136 1.2
137 0.333333333333
138 2.5
139 1.0
140 0.8
141 0.25
142 5.0
143 0.6
144 1.66666666667
145 0.6
146 0.333333333333
147 3.0
148 1.0
149 1.0
150 0.333333333333
151 2.0
152 1.5
153 0.333333333333
154 3.0
155 0.333333333333
156 4.0
157 1.25
158 0.6
159 1.0
160 1.0
161 2.66666666667
162 1.25
163 0.1
164 1.0
165 4.0
166 0.25
167 7.0
168 0.714285714286
169 0.8
170 0.25
171 4.0
172 1.0
173 0.75
174 0.333333333333
175 1.0
176 19.0
177 1.0
178 0.263157894737
179 2.6
180 0.615384615385
181 0.5
182 1.25
183 1.0
184 2.4
185 0.5
186 0.666666666667
187 3.0
188 0.666666666667
189 1.0
190 0.875
191 0.571428571429
192 2.0
193 0.25
194 4.5
195 0.666666666667
196 1.0
197 1.16666666667
198 0.571428571429
199 3.5
200 0.357142857143
201 0.2
202 1.0
203 3.0
204 1.33333333333
205 0.75
206 0.333333333333
207 4.0
208 0.5
209 1.0
210 1.0
211 1.5
212 0.333333333333
213 1.0
214 4.0
215 0.5
216 1.5
217 0.333333333333
218 3.0
219 0.333333333333
220 4.0
221 1.25
222 0.8
223 1.25
224 1.0
225 0.6
226 1.33333333333
227 1.0
228 2.25
229 0.777777777778
230 1.0
231 0.142857142857
232 6.0
233 1.0
234 1.0
235 0.833333333333
236 0.2
237 1.0
238 3.0
239 1.0
240 2.33333333333
241 0.285714285714
242 4.0
243 0.375
244 0.333333333333
245 1.0
246 2.0
247 2.0
248 0.75
249 1.0
250 1.0
251 2.0
252 0.333333333333
253 0.5
254 3.0
255 0.666666666667
256 0.5
257 2.0
258 0.5
259 1.0
260 5.0
261 1.2
262 0.5
263 0.333333333333
264 1.0
265 2.0
266 0.5
267 3.0
268 1.0
269 0.333333333333
270 3.0
271 1.33333333333
272 0.25
273 1.0
274 1.0
275 3.0
276 0.333333333333
277 1.0
278 5.0
279 0.2
280 3.0
281 1.33333333333
282 0.25
283 1.0
284 4.0
285 0.5
286 3.0
287 0.5
288 1.0
289 0.333333333333
290 1.0
291 5.0
292 1.0
293 0.6
294 2.0
295 1.0
296 0.166666666667
297 10.0
298 0.5
299 1.0
300 1.0
301 0.8
302 1.0
303 1.0
304 0.75
305 1.66666666667
306 2.0
307 0.1
308 2.0
309 3.0
310 0.5
311 0.333333333333
312 3.0
313 2.66666666667
314 0.125
315 6.0
316 0.5
317 1.66666666667
318 0.6
319 2.66666666667
320 0.75
321 1.16666666667
322 0.714285714286
323 1.4
324 0.571428571429
325 1.75
326 0.142857142857
327 3.0
328 1.33333333333
329 0.75
330 0.333333333333
331 7.0
332 0.428571428571
333 0.666666666667
334 2.5
335 0.4
336 1.0
337 1.0
338 2.5
339 1.4
340 0.142857142857
341 1.0
342 1.0
343 1.0
344 1.0
345 12.0
346 0.333333333333
347 0.5
348 3.0
349 0.5
350 2.33333333333
351 0.857142857143
352 0.666666666667
353 1.75
354 0.857142857143
355 1.0
356 1.33333333333
357 0.375
358 0.333333333333
359 2.0
360 3.0
361 0.166666666667
362 5.0
363 0.6
364 0.333333333333
365 9.0
366 0.666666666667
367 0.5
368 0.333333333333
369 5.0
370 3.2
371 0.0625
372 1.0
373 1.0
374 8.0
375 0.125
376 4.0
377 0.5
378 9.0
379 0.0555555555556
380 2.0
381 0.5
382 1.0
383 1.0
384 2.0
385 0.5
386 2.0
387 0.5
388 1.0
389 1.0
390 1.0
391 1.0
392 6.0
393 0.5
394 1.66666666667
395 1.2
396 1.66666666667
397 0.5
398 0.2
399 1.0
400 5.0
401 1.0
402 2.0
403 0.4
404 1.25
405 1.4
406 0.857142857143
407 0.333333333333
408 0.5
409 2.0
410 2.0
411 1.0
412 0.75
413 0.666666666667
414 1.0
415 0.5
416 2.0
417 2.0
418 0.5
419 3.5
420 0.571428571429
421 1.0
422 1.25
423 0.4
424 1.0
425 0.5
426 8.0
427 0.25
428 0.5
429 4.0
430 1.75
431 1.71428571429
432 0.416666666667
433 1.0
434 0.4
435 0.5
436 2.0
437 4.5
438 0.222222222222
439 3.0
440 0.333333333333
441 2.0
442 0.75
443 2.33333333333
444 0.428571428571
445 1.0
446 2.0
447 0.333333333333
448 0.5
449 2.0
450 2.0
451 1.75
452 1.14285714286
453 0.5
454 0.25
455 4.0
456 1.5
457 0.666666666667
458 1.5
459 1.0
460 0.166666666667
461 5.0
462 0.2
463 7.0
464 0.428571428571
465 4.0
466 0.5
467 0.833333333333
468 0.8
469 1.25
470 0.8
471 1.0
472 1.25
473 1.2
474 0.166666666667
475 1.0
476 3.0
477 1.33333333333
478 2.25
479 1.0
480 0.555555555556
481 0.8
482 1.5
483 0.5
484 1.0
485 1.0
486 1.0
487 1.66666666667
488 1.0
489 0.8
490 1.0
491 0.5
492 0.5
493 6.0
494 1.16666666667
495 0.285714285714
496 0.5
497 1.0
498 1.0
499 1.0
500 6.0
501 0.833333333333
502 0.2
503 1.0
504 4.0
505 0.75
506 1.66666666667
507 1.4
508 0.142857142857
509 3.0
510 4.0
511 0.0833333333333
512 2.0
513 1.5
514 0.333333333333
515 5.0
516 0.2
517 6.0
518 0.166666666667
519 1.0
520 4.0
521 1.0
522 0.75
523 1.66666666667
524 0.6
525 0.333333333333
526 5.0
527 0.2
528 7.0
529 0.714285714286
530 0.8
531 2.25
532 0.555555555556
533 0.4
534 3.5
535 0.857142857143
536 0.166666666667
537 3.0
538 1.0
539 2.0
540 1.16666666667
541 0.142857142857
542 1.0
543 2.0
544 2.5
545 1.2
546 0.666666666667
547 1.25
548 0.6
549 2.33333333333
550 1.14285714286
551 0.375
552 0.666666666667
553 1.0
554 3.5
555 0.571428571429
556 1.5
557 0.166666666667
558 1.0
559 2.0
560 3.5
561 0.142857142857
562 1.0
563 1.0
564 6.0
565 0.166666666667
566 2.0
567 1.5
568 0.333333333333
569 5.0
570 1.2
571 1.0
572 0.333333333333
573 2.0
574 1.0
575 2.0
576 1.5
577 0.0833333333333
578 1.0
579 4.0
580 0.25
581 2.0
582 0.5
583 2.0
584 4.0
585 0.125
586 6.0
587 0.833333333333
588 1.2
589 0.166666666667
590 3.0
591 1.0
592 1.33333333333
593 0.75
594 2.66666666667
595 0.75
596 0.833333333333
597 1.4
598 0.428571428571
599 0.333333333333
600 2.0
601 1.5
602 1.0
603 0.333333333333
604 1.0
605 7.0
606 0.571428571429
607 1.0
608 1.25
609 0.8
610 0.5
611 1.5
612 2.33333333333
613 0.142857142857
614 3.0
615 0.333333333333
616 9.0
617 0.333333333333
618 0.333333333333
619 4.0
620 0.5
621 1.5
622 2.33333333333
623 0.428571428571
624 0.666666666667
625 2.0
626 1.0
627 1.75
628 0.857142857143
629 0.333333333333
630 2.5
631 0.6
632 2.33333333333
633 0.714285714286
634 0.8
635 0.75
636 1.0
637 1.0
638 1.0
639 0.333333333333
640 4.0
641 0.25
642 7.0
643 0.428571428571
644 1.33333333333
645 0.75
646 2.0
647 0.333333333333
648 0.5
649 4.0
650 1.5
651 0.833333333333
652 1.4
653 0.428571428571
654 1.33333333333
655 0.75
656 1.0
657 0.333333333333
658 1.0
659 2.0
660 1.0
661 2.5
662 1.4
663 1.14285714286
664 0.25
665 3.0
666 0.5
667 4.0
668 0.583333333333
669 0.714285714286
670 1.0
671 0.8
672 2.25
673 0.777777777778
674 0.714285714286
675 0.8
676 1.0
677 1.75
678 0.428571428571
679 0.666666666667
680 2.5
681 0.2
682 1.0
683 5.0
684 0.4
685 1.0
686 2.0
687 0.75
688 3.0
689 0.333333333333
690 0.333333333333
691 2.0
692 3.0
693 1.0
694 0.166666666667
695 2.0
696 2.0
697 0.5
698 3.0
699 0.333333333333
700 1.5
701 1.33333333333
702 2.5
703 0.7
704 0.142857142857
705 1.0
706 6.0
707 0.833333333333
708 0.4
709 0.5
710 3.0
711 2.66666666667
712 0.125
713 1.0
714 12.0
715 0.583333333333
716 0.428571428571
717 1.33333333333
718 0.25
719 7.0
720 0.857142857143
721 0.5
722 2.0
723 0.5
724 0.333333333333
725 3.0
726 2.0
727 0.666666666667
728 0.75
729 3.66666666667
730 0.0909090909091
731 3.0
732 0.333333333333
733 1.0
734 2.0
735 3.5
736 0.571428571429
737 1.5
738 2.83333333333
739 0.0588235294118
740 4.0
741 0.25
742 7.0
743 0.142857142857
744 1.0
745 6.0
746 2.16666666667
747 0.384615384615
748 0.6
749 1.66666666667
750 0.2
751 13.0
752 0.0769230769231
753 2.0
754 2.0
755 0.25
756 1.0
757 2.0
758 2.0
759 0.5
760 2.0
761 1.5
762 1.16666666667
763 0.571428571429
764 1.5
765 0.833333333333
766 0.2
767 5.0
768 1.2
769 1.33333333333
770 0.125
771 1.0
772 2.0
773 2.5
774 0.2
775 3.0
776 2.0
777 0.666666666667
778 0.25
779 5.0
780 2.4
781 0.416666666667
782 1.6
783 0.625
784 0.8
785 1.0
786 1.25
787 0.6
788 1.33333333333
789 0.75
790 3.0
791 0.444444444444
792 0.25
793 8.0
794 1.0
795 0.375
796 0.666666666667
797 1.5
798 1.33333333333
799 1.25
800 0.4
801 3.0
802 0.166666666667
803 5.0
804 0.2
805 2.0
806 2.0
807 0.25
808 1.0
809 2.0
810 0.5
811 5.0
812 1.2
813 1.0
814 0.166666666667
815 2.0
816 1.5
817 2.0
818 0.666666666667
819 0.25
820 6.0
821 0.5
822 2.33333333333
823 0.857142857143
824 1.83333333333
825 0.272727272727
826 1.66666666667
827 0.2
828 6.0
829 0.5
830 0.333333333333
831 6.0
832 0.666666666667
833 0.25
834 2.0
835 2.0
836 1.25
837 1.2
838 1.16666666667
839 2.28571428571
840 0.0625
841 1.0
842 1.0
843 6.0
844 0.166666666667
845 3.0
846 0.333333333333
847 5.0
848 0.6
849 0.333333333333
850 6.0
851 1.16666666667
852 0.142857142857
853 10.0
854 0.8
855 0.125
856 3.0
857 1.33333333333
858 0.75
859 0.666666666667
860 0.5
861 4.0
862 0.75
863 3.0
864 0.111111111111
865 6.0
866 0.166666666667
867 4.0
868 1.75
869 0.142857142857
870 5.0
871 1.0
872 0.6
873 1.0
874 1.0
875 1.66666666667
876 1.0
877 0.2
878 4.0
879 1.75
880 0.714285714286
881 0.2
882 4.0
883 0.5
884 1.0
885 2.5
886 0.6
887 2.33333333333
888 0.428571428571
889 0.333333333333
890 5.0
891 0.2
892 2.0
893 2.0
894 1.0
895 0.25
896 6.0
897 0.333333333333
898 0.5
899 1.0
900 2.0
901 1.0
902 2.5
903 2.4
904 0.416666666667
905 0.8
906 0.25
907 7.0
908 0.142857142857
909 3.0
910 1.33333333333
911 0.75
912 0.333333333333
913 3.0
914 1.0
915 2.33333333333
916 0.428571428571
917 1.0
918 1.66666666667
919 2.0
920 0.9
921 0.666666666667
922 0.833333333333
923 0.8
924 1.0
925 1.0
926 0.25
927 1.0
928 2.0
929 3.5
930 0.142857142857
931 2.0
932 0.5
933 1.0
934 2.0
935 2.5
936 0.4
937 2.5
938 0.4
939 3.5
940 0.571428571429
941 0.25
942 3.0
943 0.333333333333
944 2.0
945 1.0
946 0.5
947 1.0
948 2.0
949 0.5
950 1.0
951 2.0
952 1.5
953 0.333333333333
954 4.0
955 1.25
956 0.6
957 1.33333333333
958 1.25
959 1.8
960 1.11111111111
961 0.7
962 0.142857142857
963 3.0
964 3.0
965 0.777777777778
966 0.857142857143
967 0.833333333333
968 0.6
969 1.33333333333
970 0.25
971 3.0
972 1.0
973 1.0
974 0.666666666667
975 3.0
976 0.666666666667
977 0.25
978 2.0
979 2.5
980 0.8
981 0.5
982 2.0
983 1.5
984 1.0
985 0.666666666667
986 0.25
987 1.0
988 2.0
989 2.0
990 0.25
991 7.0
992 0.142857142857
993 4.0
994 0.75
995 2.66666666667
996 0.125
997 2.0
998 0.5
999 7.0
1000 0.285714285714
1001 4.5
1002 0.666666666667
1003 0.166666666667
1004 3.0
1005 2.33333333333
1006 0.857142857143
1007 0.666666666667
1008 2.25
1009 0.555555555556
1010 1.2
1011 1.33333333333
1012 0.75
1013 0.833333333333
1014 1.0
1015 1.4
1016 0.142857142857
1017 8.0
1018 0.875
1019 0.142857142857
1020 8.0
1021 1.875
1022 0.0666666666667
1023 2.0
1024 3.0
1025 1.0
1026 0.166666666667
1027 4.0
1028 0.75
1029 0.333333333333
1030 7.0
1031 0.428571428571
1032 1.33333333333
1033 0.25
1034 6.0
1035 0.166666666667
1036 1.0
1037 4.0
1038 1.75
1039 0.714285714286
1040 0.2
1041 3.0
1042 1.0
1043 0.333333333333
1044 2.0
1045 3.5
1046 0.285714285714
1047 3.0
1048 0.666666666667
1049 1.5
1050 0.833333333333
1051 0.6
1052 1.33333333333
1053 1.0
1054 1.25
1055 0.6
1056 1.0
1057 4.33333333333
1058 0.384615384615
1059 0.2
1060 6.0
1061 1.0
1062 0.666666666667
1063 0.25
1064 7.0
1065 0.142857142857
1066 5.0
1067 0.8
1068 1.25
1069 0.2
1070 2.0
1071 1.0
1072 4.0
1073 0.875
1074 0.142857142857
1075 5.0
1076 0.2
1077 1.0
1078 6.0
1079 1.5
1080 0.111111111111
1081 7.0
1082 1.57142857143
1083 0.0909090909091
1084 6.0
1085 0.333333333333
1086 2.5
1087 1.2
1088 0.5
1089 0.333333333333
1090 2.0
1091 1.5
1092 1.0
1093 1.0
1094 2.0
1095 0.166666666667
1096 5.0
1097 0.2
1098 3.0
1099 0.666666666667
1100 4.0
1101 0.125
1102 4.0
1103 1.5
1104 0.333333333333
1105 3.0
1106 0.833333333333
1107 0.8
1108 1.0
1109 0.5
1110 0.5
1111 7.0
1112 0.571428571429
1113 0.5
1114 1.5
1115 2.33333333333
1116 0.142857142857
1117 4.0
1118 2.5
1119 0.2
1120 5.0
1121 0.5
1122 1.0
1123 0.2
1124 8.0
1125 1.25
1126 1.3
1127 0.153846153846
1128 2.0
1129 0.75
1130 1.66666666667
1131 1.0
1132 1.2
1133 0.333333333333
1134 2.0
1135 1.5
1136 0.666666666667
1137 0.25
1138 1.0
1139 6.0
1140 0.333333333333
1141 2.5
1142 1.4
1143 0.714285714286
1144 0.4
1145 1.0
1146 3.0
1147 1.0
1148 0.666666666667
1149 0.5
1150 0.5
1151 5.0
1152 0.4
1153 2.0
1154 1.25
1155 0.6
1156 1.33333333333
1157 0.5
1158 3.5
1159 0.142857142857
1160 5.0
1161 1.2
1162 0.166666666667
1163 2.0
1164 2.5
1165 0.6
1166 0.333333333333
1167 4.0
1168 0.75
1169 3.0
1170 0.111111111111
1171 5.0
1172 1.0
1173 0.6
1174 1.33333333333
1175 1.0
1176 0.25
1177 2.0
1178 2.0
1179 0.25
1180 1.0
1181 7.0
1182 0.714285714286
1183 0.6
1184 0.333333333333
1185 2.0
1186 1.0
1187 1.0
1188 1.0
1189 2.5
1190 1.0
1191 0.8
1192 2.0
1193 0.125
1194 3.0
1195 0.666666666667
1196 3.5
1197 0.428571428571
1198 0.333333333333
1199 5.0
1200 2.8
1201 0.5
1202 0.142857142857
1203 2.0
1204 0.5
1205 8.0
1206 0.125
1207 13.0
1208 0.0769230769231
1209 5.0
1210 1.2
1211 0.666666666667
1212 0.25
1213 3.0
1214 0.333333333333
1215 1.0
1216 5.0
1217 0.6
1218 0.333333333333
1219 1.0
1220 7.0
1221 1.14285714286
1222 0.625
1223 1.2
1224 0.833333333333
1225 0.8
1226 0.75
1227 0.333333333333
1228 5.0
1229 0.2
1230 1.0
1231 2.0
1232 2.5
1233 1.2
1234 0.166666666667
1235 2.0
1236 2.5
1237 0.2
1238 9.0
1239 0.444444444444
1240 3.5
1241 0.428571428571
1242 0.666666666667
1243 0.25
1244 2.0
1245 1.0
1246 1.5
1247 0.333333333333
1248 6.0
1249 1.5
1250 0.333333333333
1251 2.33333333333
1252 0.142857142857
1253 4.0
1254 2.5
1255 0.4
1256 1.25
1257 0.6
1258 2.33333333333
1259 0.285714285714
1260 2.0
1261 1.25
1262 0.4
1263 5.5
1264 0.454545454545
1265 2.0
1266 0.2
1267 2.0
1268 0.75
1269 3.0
1270 0.333333333333
1271 1.33333333333
1272 1.75
1273 0.142857142857
1274 5.0
1275 0.2
1276 7.0
1277 0.285714285714
1278 0.5
1279 2.0
1280 0.5
1281 3.0
1282 1.0
1283 2.0
1284 0.666666666667
1285 1.25
1286 0.4
1287 0.5
1288 5.0
1289 1.0
1290 0.2
1291 5.0
1292 1.4
1293 0.142857142857
1294 1.0
1295 3.0
1296 0.666666666667
1297 3.5
1298 0.428571428571
1299 1.66666666667
1300 0.8
1301 1.0
1302 0.25
1303 8.0
1304 0.25
1305 2.0
1306 0.75
1307 2.0
1308 0.5
1309 1.0
1310 1.0
1311 1.33333333333
1312 1.0
1313 0.25
1314 4.0
1315 0.75
1316 1.0
1317 0.333333333333
1318 4.0
1319 0.25
1320 1.0
1321 4.0
1322 1.0
1323 1.25
1324 1.0
1325 0.4
1326 1.5
1327 7.0
1328 0.285714285714
1329 1.16666666667
1330 0.857142857143
1331 0.333333333333
1332 6.0
1333 1.91666666667
1334 0.173913043478
1335 0.75
1336 2.0
1337 0.166666666667
1338 1.0
1339 4.0
1340 1.25
1341 1.4
1342 0.571428571429
1343 0.25
1344 2.0
1345 2.5
1346 0.4
1347 4.5
1348 0.666666666667
1349 0.166666666667
1350 2.0
1351 1.0
1352 2.0
1353 2.25
1354 0.777777777778
1355 0.857142857143
1356 1.83333333333
1357 1.63636363636
1358 0.444444444444
1359 0.75
1360 0.666666666667
1361 1.0
1362 0.25
1363 1.0
1364 9.0
1365 0.555555555556
1366 0.4
1367 1.5
1368 1.0
1369 2.0
1370 1.16666666667
1371 0.428571428571
1372 1.33333333333
1373 1.0
1374 1.5
1375 0.166666666667
1376 8.0
1377 0.25
1378 2.0
1379 1.25
1380 0.8
1381 0.25
1382 9.0
1383 0.222222222222
1384 1.5
1385 3.33333333333
1386 0.8
1387 0.375
1388 0.333333333333
1389 7.0
1390 0.428571428571
1391 1.33333333333
1392 2.25
1393 1.0
1394 0.444444444444
1395 0.25
1396 1.0
1397 3.0
1398 0.333333333333
1399 5.0
1400 0.2
1401 5.0
1402 0.2
1403 2.0
1404 1.0
1405 1.0
1406 0.5
1407 1.0
1408 6.0
1409 0.166666666667
1410 3.0
1411 1.33333333333
1412 0.75
1413 1.33333333333
1414 0.25
1415 4.0
1416 1.75
1417 0.142857142857
1418 1.0
1419 6.0
1420 0.833333333333
1421 0.2
1422 1.0
1423 1.0
1424 6.0
1425 0.333333333333
1426 5.0
1427 0.2
1428 0.5
1429 5.0
1430 1.2
1431 1.33333333333
1432 0.625
1433 0.8
1434 2.5
1435 0.3
1436 0.666666666667
1437 2.0
1438 1.0
1439 0.5
1440 1.5
1441 3.0
1442 0.444444444444
1443 0.25
1444 4.0
1445 0.25
1446 3.0
1447 1.33333333333
1448 1.75
1449 1.14285714286
1450 0.5
1451 1.5
1452 0.166666666667
1453 4.0
1454 1.5
1455 0.833333333333
1456 0.8
1457 0.75
1458 2.0
1459 0.5
1460 1.0
1461 0.666666666667
1462 1.0
1463 0.5
1464 1.0
1465 6.0
1466 0.333333333333
1467 1.5
1468 0.333333333333
1469 1.0
1470 4.0
1471 0.75
1472 1.66666666667
1473 0.2
1474 2.0
1475 0.5
1476 1.0
1477 1.0
1478 1.0
1479 1.0
1480 1.0
1481 2.0
1482 0.5
1483 4.0
1484 0.25
1485 5.0
1486 1.8
1487 0.444444444444
1488 0.75
1489 0.666666666667
1490 0.5
1491 2.0
1492 0.5
1493 5.0
1494 0.8
1495 0.75
1496 2.0
1497 1.0
1498 0.5
1499 1.33333333333
1500 1.75
1501 0.571428571429
1502 2.0
1503 0.75
1504 1.5
1505 0.444444444444
1506 1.5
1507 0.166666666667
1508 2.0
1509 1.5
1510 1.66666666667
1511 0.8
1512 0.25
1513 1.0
1514 1.0
1515 1.0
1516 4.0
1517 0.25
1518 7.0
1519 0.142857142857
1520 2.0
1521 0.5
1522 3.0
1523 1.0
1524 0.333333333333
1525 2.0
1526 4.0
1527 0.125
1528 3.0
1529 0.666666666667
1530 0.5
1531 5.0
1532 0.2
1533 4.0
1534 1.75
1535 0.142857142857
1536 2.0
1537 2.5
1538 1.0
1539 1.0
1540 0.8
1541 0.25
1542 3.0
1543 0.666666666667
1544 2.0
1545 1.75
1546 1.14285714286
1547 1.625
1548 0.307692307692
1549 2.0
1550 0.125
1551 7.0
1552 0.571428571429
1553 1.0
1554 0.75
1555 0.333333333333
1556 5.0
1557 1.4
1558 0.142857142857
1559 1.0
1560 1.0
1561 3.0
1562 2.0
1563 0.833333333333
1564 0.6
1565 1.33333333333
1566 0.25
1567 7.0
1568 0.714285714286
1569 0.6
1570 1.0
1571 1.66666666667
1572 0.8
1573 1.0
1574 0.25
1575 3.0
1576 0.666666666667
1577 2.0
1578 0.25
1579 7.0
1580 1.85714285714
1581 0.307692307692
1582 0.25
1583 4.0
1584 0.75
1585 0.333333333333
1586 6.0
1587 0.166666666667
1588 1.0
1589 1.0
1590 5.0
1591 0.2
1592 1.0
1593 3.0
1594 0.333333333333
1595 3.0
1596 1.33333333333
1597 0.25
1598 9.0
1599 0.222222222222
1600 3.0
1601 0.166666666667
1602 3.0
1603 1.33333333333
1604 0.5
1605 0.5
1606 4.0
1607 1.25
1608 1.4
1609 0.142857142857
1610 2.0
1611 2.0
1612 1.25
1613 0.2
1614 1.0
1615 4.0
1616 2.0
1617 0.125
1618 4.0
1619 0.25
