0 0
2 0.285714285714
3 1.5
4 1.66666666667
5 0.8
6 0.75
7 2.0
8 1.16666666667
9 0.857142857143
10 0.333333333333
11 3.5
12 0.142857142857
13 3.0
14 2.0
15 0.166666666667
16 1.0
17 2.0
18 0.5
19 5.0
20 0.4
21 1.0
22 1.5
23 1.0
24 0.333333333333
25 1.0
26 3.0
27 0.333333333333
28 1.0
29 6.0
30 0.666666666667
31 0.75
32 0.333333333333
33 1.0
34 1.0
35 3.0
36 0.333333333333
37 3.0
38 1.0
39 0.666666666667
40 4.5
41 0.111111111111
42 4.0
43 1.5
44 0.333333333333
45 1.0
46 2.0
47 0.75
48 0.333333333333
49 3.0
50 1.33333333333
51 0.5
52 0.5
53 3.0
54 1.33333333333
55 1.0
56 1.0
57 0.25
58 3.0
59 1.66666666667
60 1.0
61 1.4
62 1.42857142857
63 0.6
64 0.333333333333
65 1.0
66 3.5
67 0.428571428571
68 4.0
69 0.333333333333
70 2.5
71 0.4
72 0.25
73 7.0
74 1.14285714286
75 0.875
76 1.42857142857
77 0.1
78 9.0
79 0.888888888889
80 0.125
81 3.0
82 1.33333333333
83 0.25
84 2.0
85 2.5
86 0.6
87 1.33333333333
88 1.5
89 1.0
90 1.16666666667
91 1.0
92 0.142857142857
93 3.0
94 2.0
95 1.66666666667
96 0.4
97 1.5
98 0.666666666667
99 1.25
100 0.4
101 7.0
102 0.357142857143
103 1.2
104 0.666666666667
105 1.25
106 1.6
107 0.25
108 2.5
109 0.2
110 5.0
111 0.8
112 1.5
113 0.333333333333
114 0.5
115 7.0
116 0.142857142857
117 2.0
118 1.0
119 1.0
120 2.5
121 1.0
122 0.2
123 2.0
124 4.0
125 0.625
126 0.8
127 1.0
128 0.25
129 5.0
130 0.6
131 1.33333333333
132 4.5
133 0.222222222222
134 3.0
135 0.5
136 1.66666666667
137 0.9
138 1.88888888889
139 1.29411764706
140 0.227272727273
141 2.8
142 1.0
143 0.785714285714
144 0.454545454545
145 1.2
146 3.0
147 0.833333333333
148 1.0
149 0.466666666667
150 0.857142857143
151 0.5
152 0.666666666667
153 0.5
154 7.0
155 1.14285714286
156 1.375
157 1.54545454545
158 0.470588235294
159 0.125
160 2.0
161 10.5
162 0.0952380952381
163 1.0
164 3.0
165 1.33333333333
166 0.625
167 0.2
168 5.0
169 1.6
170 1.0
171 0.25
172 3.5
173 0.428571428571
174 1.66666666667
175 1.0
176 1.6
177 0.375
178 4.0
179 0.0833333333333
180 10.0
181 0.6
182 0.666666666667
183 1.0
184 1.75
185 0.857142857143
186 0.5
187 0.333333333333
188 1.0
189 1.0
190 8.0
191 0.625
192 0.6
193 0.333333333333
194 3.0
195 1.66666666667
196 0.2
197 4.0
198 0.75
199 1.0
200 1.66666666667
201 0.4
202 1.5
203 0.666666666667
204 1.0
205 2.0
206 1.25
207 0.2
208 5.0
209 1.0
210 0.2
211 4.0
212 0.75
213 1.33333333333
214 2.5
215 0.2
216 5.0
217 0.1
218 8.0
219 0.75
220 1.33333333333
221 0.5
222 0.5
223 2.0
224 1.25
225 1.0
226 0.6
227 2.66666666667
228 0.75
229 0.166666666667
230 5.0
231 0.6
232 2.0
233 0.333333333333
234 2.5
235 0.2
236 3.0
237 0.333333333333
238 3.0
239 0.666666666667
240 0.5
241 2.0
242 1.5
243 1.0
244 0.333333333333
245 3.0
246 1.66666666667
247 0.4
248 1.5
249 2.33333333333
250 1.28571428571
251 0.222222222222
252 2.5
253 0.6
254 1.66666666667
255 0.4
256 0.5
257 4.0
258 0.75
259 0.333333333333
260 5.0
261 0.4
262 1.5
263 0.333333333333
264 2.0
265 0.5
266 10.0
267 0.1
268 2.0
269 0.5
270 1.0
271 1.0
272 1.0
273 2.0
274 2.5
275 0.6
276 0.333333333333
277 5.0
278 0.4
279 0.5
280 8.0
281 0.375
282 0.666666666667
283 2.0
284 0.25
285 9.0
286 0.555555555556
287 1.8
288 1.77777777778
289 0.3125
290 1.4
291 0.428571428571
292 1.0
293 2.33333333333
294 0.571428571429
295 0.25
296 7.0
297 0.571428571429
298 1.75
299 0.142857142857
300 11.0
301 0.636363636364
302 0.428571428571
303 1.66666666667
304 1.0
305 0.4
306 0.5
307 4.0
308 1.25
309 0.2
310 1.0
311 7.0
312 0.142857142857
313 7.0
314 0.571428571429
315 0.75
316 0.333333333333
317 4.0
318 1.25
319 2.2
320 0.272727272727
321 2.33333333333
322 0.142857142857
323 7.0
324 0.285714285714
325 4.0
326 0.5
327 0.5
328 4.0
329 0.125
330 3.0
331 1.0
332 0.333333333333
333 4.0
334 1.5
335 0.666666666667
336 1.75
337 0.714285714286
338 0.2
339 1.0
340 3.0
341 0.666666666667
342 2.5
343 0.8
344 1.25
345 0.2
346 1.0
347 1.0
348 2.0
349 3.0
350 1.66666666667
351 0.1
352 4.0
353 0.5
354 1.5
355 0.333333333333
356 3.0
357 1.66666666667
358 1.0
359 0.2
360 1.0
361 3.0
362 1.66666666667
363 1.4
364 0.571428571429
365 1.75
366 0.142857142857
367 6.0
368 0.666666666667
369 0.25
370 1.0
371 5.0
372 0.2
373 7.0
374 0.142857142857
375 3.0
376 3.0
377 0.333333333333
378 2.33333333333
379 0.142857142857
380 3.0
381 0.666666666667
382 1.5
383 1.0
384 2.66666666667
385 0.125
386 4.0
387 4.0
388 0.9375
389 0.333333333333
390 0.2
391 5.0
392 1.0
393 0.2
394 1.0
395 4.0
396 1.0
397 0.25
398 8.0
399 0.5
400 0.25
401 5.0
402 0.6
403 2.33333333333
404 0.857142857143
405 1.66666666667
406 0.8
407 0.125
408 3.0
409 3.33333333333
410 0.3
411 0.666666666667
412 5.0
413 0.2
414 3.5
415 0.571428571429
416 0.5
417 1.0
418 0.5
419 4.0
420 1.5
421 0.666666666667
422 0.5
423 3.0
424 0.166666666667
425 12.0
426 0.583333333333
427 1.85714285714
428 0.307692307692
429 1.25
430 1.8
431 0.222222222222
432 1.5
433 0.666666666667
434 2.0
435 1.75
436 0.285714285714
437 0.5
438 1.0
439 1.0
440 4.0
441 0.75
442 1.0
443 0.666666666667
444 3.0
445 1.16666666667
446 0.142857142857
447 1.0
448 3.0
449 1.0
450 2.33333333333
451 0.428571428571
452 1.33333333333
453 1.0
454 1.25
455 0.8
456 0.75
457 0.333333333333
458 4.0
459 1.0
460 0.75
461 2.0
462 1.0
463 0.833333333333
464 0.4
465 3.0
466 0.833333333333
467 0.8
468 1.75
469 0.571428571429
470 2.25
471 0.111111111111
472 4.0
473 0.75
474 1.33333333333
475 0.25
476 5.0
477 0.8
478 0.75
479 1.33333333333
480 1.0
481 0.5
482 1.0
483 0.5
484 8.0
485 0.375
486 1.0
487 1.0
488 0.333333333333
489 3.0
490 1.66666666667
491 0.2
492 9.0
493 0.333333333333
494 2.0
495 0.833333333333
496 0.2
497 2.0
498 2.5
499 1.4
500 0.714285714286
501 0.8
502 0.25
503 2.0
504 3.0
505 2.0
506 0.416666666667
507 0.6
508 0.333333333333
509 1.0
510 9.0
511 1.0
512 0.111111111111
513 3.0
514 1.0
515 1.0
516 0.333333333333
517 2.0
518 2.0
519 0.5
520 2.5
521 1.8
522 0.666666666667
523 0.333333333333
524 4.5
525 0.222222222222
526 2.5
527 1.2
528 0.666666666667
529 0.25
530 4.0
531 1.75
532 0.571428571429
533 1.0
534 0.75
535 1.0
536 1.66666666667
537 0.2
538 3.0
539 1.0
540 0.666666666667
541 1.5
542 0.333333333333
543 5.0
544 1.2
545 0.333333333333
546 3.5
547 0.428571428571
548 3.0
549 0.666666666667
550 0.833333333333
551 0.2
552 5.0
553 1.6
554 0.125
555 1.0
556 4.0
557 2.5
558 0.1
559 4.0
560 2.0
561 0.125
562 4.0
563 0.25
564 3.0
565 1.33333333333
566 2.25
567 0.888888888889
568 0.625
569 2.0
570 1.0
571 0.7
572 1.0
573 0.142857142857
574 3.0
575 1.66666666667
576 1.0
577 0.4
578 2.5
579 0.8
580 1.5
581 0.333333333333
582 0.5
583 3.0
584 3.33333333333
585 0.3
586 0.666666666667
587 0.5
588 1.0
589 3.0
590 0.333333333333
591 10.0
592 1.0
593 0.1
594 7.0
595 0.142857142857
596 1.0
597 2.0
598 1.5
599 0.333333333333
600 10.0
601 0.8
602 1.25
603 0.5
604 0.2
605 6.0
606 2.5
607 0.4
608 0.166666666667
609 3.0
610 1.66666666667
611 1.6
612 0.125
613 1.0
614 1.0
615 10.0
616 0.3
617 3.66666666667
618 0.454545454545
619 1.4
620 0.428571428571
621 2.33333333333
622 0.285714285714
623 2.0
624 1.0
625 0.75
626 0.666666666667
627 0.5
628 3.0
629 2.33333333333
630 0.714285714286
631 2.0
632 0.6
633 0.333333333333
634 2.0
635 0.5
636 8.5
637 0.117647058824
638 3.0
639 0.666666666667
640 1.5
641 0.5
642 2.66666666667
643 0.75
644 0.666666666667
645 1.0
646 2.0
647 0.375
648 1.33333333333
649 0.5
650 2.0
651 3.75
652 0.4
653 2.0
654 0.416666666667
655 1.0
656 2.0
657 0.3
658 0.333333333333
659 1.0
660 4.0
661 1.0
662 0.75
663 3.33333333333
664 0.5
665 1.2
666 1.33333333333
667 0.125
668 2.0
669 2.5
670 2.4
671 0.916666666667
672 0.0909090909091
673 9.0
674 1.33333333333
675 0.166666666667
676 2.0
677 1.0
678 1.0
679 2.0
680 0.75
681 0.333333333333
682 4.0
683 0.875
684 0.714285714286
685 1.4
686 1.28571428571
687 0.666666666667
688 1.66666666667
689 0.3
690 3.0
691 1.55555555556
692 0.5
693 0.571428571429
694 1.75
695 0.571428571429
696 3.25
697 0.461538461538
698 1.0
699 0.833333333333
700 0.6
701 1.0
702 1.66666666667
703 1.0
704 0.4
705 0.5
706 3.0
707 1.0
708 0.333333333333
709 3.0
710 1.0
711 1.66666666667
712 0.4
713 2.0
714 0.75
715 0.333333333333
716 10.0
717 0.6
718 1.0
719 0.666666666667
720 1.0
721 0.5
722 3.5
723 0.142857142857
724 5.0
725 1.4
726 0.714285714286
727 0.4
728 0.5
729 6.0
730 0.5
731 2.0
732 1.83333333333
733 0.0909090909091
734 3.0
735 2.66666666667
736 1.125
737 0.555555555556
738 2.2
739 0.636363636364
740 0.285714285714
741 4.5
742 0.777777777778
743 1.28571428571
744 0.222222222222
745 1.0
746 1.0
747 3.0
748 0.333333333333
749 2.0
750 2.25
751 0.777777777778
752 0.857142857143
753 1.16666666667
754 0.142857142857
755 4.0
756 0.75
757 2.0
758 1.33333333333
759 0.75
760 0.5
761 0.666666666667
762 1.0
763 1.5
764 1.33333333333
765 0.5
766 2.5
767 1.8
768 0.222222222222
769 2.5
770 0.4
771 3.5
772 0.857142857143
773 0.5
774 0.666666666667
775 2.5
776 0.2
777 6.0
778 0.833333333333
779 1.2
780 0.666666666667
781 1.25
782 1.0
783 1.8
784 0.111111111111
785 2.0
786 1.0
787 2.5
788 1.4
789 0.142857142857
790 3.0
791 1.0
792 2.66666666667
793 1.0
794 0.625
795 1.0
796 1.8
797 0.444444444444
798 0.75
799 1.66666666667
800 3.6
801 0.0555555555556
802 6.0
803 0.833333333333
804 0.8
805 1.0
806 0.25
807 6.0
808 1.33333333333
809 1.0
810 0.625
811 0.2
812 8.0
813 0.875
814 1.71428571429
815 0.416666666667
816 0.2
817 1.0
818 4.0
819 0.5
820 1.5
821 2.33333333333
822 1.28571428571
823 0.111111111111
824 18.0
825 0.333333333333
826 0.166666666667
827 4.0
828 1.75
829 0.857142857143
830 0.833333333333
831 2.8
832 0.642857142857
833 0.666666666667
834 1.16666666667
835 1.85714285714
836 1.07692307692
837 0.571428571429
838 0.875
839 0.142857142857
840 5.0
841 1.0
842 1.4
843 0.142857142857
844 4.0
845 1.25
846 0.6
847 2.0
848 1.83333333333
849 0.818181818182
850 1.0
851 0.111111111111
852 3.0
853 2.0
854 0.333333333333
855 3.0
856 1.16666666667
857 0.142857142857
858 1.0
859 3.0
860 2.33333333333
861 0.428571428571
862 2.0
863 0.166666666667
864 5.0
865 0.2
866 6.0
867 0.333333333333
868 2.5
869 1.2
870 1.33333333333
871 0.375
872 7.66666666667
873 0.521739130435
874 0.25
875 1.0
876 2.0
877 0.666666666667
878 0.25
879 4.0
880 0.5
881 1.0
882 4.0
883 0.5
884 0.5
885 5.5
886 0.363636363636
887 1.5
888 0.5
889 1.33333333333
890 0.5
891 2.0
892 1.25
893 0.2
894 2.0
895 1.0
896 2.5
897 0.2
898 7.0
899 0.857142857143
900 1.0
901 0.5
902 2.33333333333
903 0.714285714286
904 2.4
905 0.0833333333333
906 5.0
907 0.4
908 0.5
909 5.0
910 1.6
911 0.25
912 1.0
913 5.0
914 0.5
915 1.4
916 0.142857142857
917 4.0
918 1.25
919 0.2
920 2.0
921 0.5
922 1.0
923 2.0
924 0.5
925 3.0
926 3.33333333333
927 0.3
928 2.0
929 1.0
930 0.833333333333
931 0.2
932 1.0
933 6.0
934 1.16666666667
935 0.142857142857
936 9.0
937 0.111111111111
938 1.0
939 2.0
940 1.5
941 0.666666666667
942 0.5
943 1.0
944 3.0
945 1.33333333333
946 0.5
947 2.5
948 1.2
949 0.166666666667
950 13.0
951 0.0769230769231
952 4.0
953 0.25
954 7.0
955 0.571428571429
956 2.0
957 0.5
958 1.0
959 1.5
960 0.5
961 1.33333333333
962 1.75
963 1.0
964 1.14285714286
965 0.75
966 0.166666666667
967 1.0
968 5.0
969 1.0
970 1.0
971 0.4
972 3.0
973 0.166666666667
974 5.0
975 0.2
976 4.0
977 0.25
978 5.0
979 1.4
980 0.714285714286
981 0.8
982 0.25
983 3.0
984 1.66666666667
985 1.8
986 0.444444444444
987 1.0
988 0.5
989 2.5
990 0.2
991 6.0
992 0.333333333333
993 0.5
994 7.0
995 1.14285714286
996 0.125
997 7.0
998 0.142857142857
999 6.0
1000 0.166666666667
1001 6.0
1002 0.833333333333
1003 1.0
1004 0.2
1005 5.0
1006 0.6
1007 0.333333333333
1008 3.0
1009 0.666666666667
1010 1.0
1011 4.0
1012 0.375
1013 0.666666666667
1014 1.5
1015 2.33333333333
1016 0.571428571429
1017 0.75
1018 3.33333333333
1019 0.5
1020 1.0
1021 0.6
1022 2.0
1023 0.166666666667
1024 2.0
1025 7.0
1026 0.357142857143
1027 0.2
1028 6.0
1029 0.5
1030 0.333333333333
1031 2.0
1032 4.0
1033 0.125
1034 2.0
1035 2.0
1036 1.0
1037 1.75
1038 1.0
1039 0.285714285714
1040 2.5
1041 0.6
1042 0.333333333333
1043 7.0
1044 1.42857142857
1045 0.2
1046 0.5
1047 2.0
1048 0.5
1049 1.0
1050 1.0
1051 4.0
1052 2.0
1053 0.625
1054 0.4
1055 1.0
1056 1.5
1057 1.0
1058 0.333333333333
1059 6.0
1060 0.166666666667
1061 3.0
1062 0.666666666667
1063 0.5
1064 1.0
1065 1.0
1066 17.0
