1  6331.0
2  61365.0
1  537613.0
2  22.0
1  7.0
2  25.0
1  6.0
2  3.0
1  13.0
2  24.0
1  9.0
2  9.0
1  3.0
2  4.0
1  8.0
2  7.0
1  2566.0
2  19.0
1  7.0
2  27.0
1  139.0
2  136.0
1  88704.0
2  66119.0
1  9985.0
2  170.0
1  75.0
2  1992.0
1  566.0
2  83764.0
1  16490.0
2  52.0
1  24.0
2  32.0
1  47.0
2  25.0
1  10.0
2  4.0
1  16.0
2  59198.0
1  403032.0
2  35655.0
1  879009.0
2  696.0
1  2200.0
2  624.0
1  1250.0
2  2456866.0
1  196852.0
2  1796053.0
1  64.0
2  135.0
1  18.0
2  19697.0
1  10.0
2  41.0
1  45.0
2  103.0
1  78.0
2  11.0
1  421964.0
2  419.0
1  21.0
2  483.0
1  30.0
2  1882127.0
1  173.0
2  110.0
1  343710.0
2  40235.0
1  1587.0
2  2439.0
1  7376.0
2  13.0
1  21.0
2  28.0
1  55.0
2  308.0
1  977.0
2  32.0
1  18.0
2  54.0
1  80.0
2  91.0
1  81.0
2  140.0
1  25.0
2  4.0
1  26.0
2  58.0
1  23.0
2  47.0
1  46.0
2  23348.0
1  4268.0
2  17.0
1  22.0
2  10.0
1  15.0
2  5.0
1  8.0
2  70.0
1  106.0
2  19.0
1  3.0
2  84.0
1  57.0
2  38.0
1  24.0
2  46.0
1  32.0
2  14.0
1  2.0
2  12.0
1  15.0
2  42.0
1  50.0
2  57.0
1  37.0
2  69.0
1  36.0
2  15.0
1  27.0
2  6.0
1  8.0
2  77.0
1  7.0
2  2.0
1  7.0
2  24.0
1  12.0
2  31.0
1  23.0
2  52.0
1  259.0
2  21.0
1  78353.0
2  1063.0
1  353098.0
2  36372.0
1  314920.0
2  203528.0
1  232.0
2  79402.0
1  46463.0
2  49540.0
1  44911.0
2  1538.0
1  74806.0
2  2316777.0
1  78867.0
2  321832.0
1  108933.0
2  1093.0
1  26.0
2  40.0
1  76.0
2  72.0
1  12.0
2  14.0
1  112.0
2  20.0
1  37.0
2  212.0
1  114.0
2  21.0
1  277.0
2  115.0
1  39.0
2  95.0
1  149.0
2  1.0
1  4.0
2  298.0
1  119.0
2  316137.0
1  27779.0
2  63950.0
1  22561.0
2  115047.0
1  12746.0
2  10169.0
1  62.0
2  13.0
1  43.0
2  22809.0
1  3058.0
2  2861.0
1  645424.0
2  21497.0
1  975.0
2  26.0
1  8.0
2  22.0
1  14.0
2  0.0
1  10.0
2  41.0
1  10.0
2  43.0
1  18.0
2  7.0
1  4.0
2  28.0
1  4.0
2  23.0
1  10.0
2  22.0
1  37.0
2  4.0
1  10.0
2  65.0
1  53.0
2  100.0
1  107.0
2  141.0
1  1141.0
2  14.0
1  2.0
2  71.0
1  13.0
2  80.0
1  3.0
2  34.0
1  19.0
2  112.0
1  7.0
2  154.0
1  49.0
2  42.0
1  182.0
2  23908.0
1  741.0
2  68928.0
1  444114.0
2  2097596.0
1  19189.0
2  818.0
1  12287.0
2  1730679.0
1  78462.0
2  385.0
1  20.0
2  4568.0
1  73.0
2  78.0
1  45.0
2  11.0
1  1732227.0
2  1120881.0
1  32.0
2  16.0
1  7.0
2  5.0
1  4.0
2  4.0
1  14.0
2  63.0
1  59.0
2  28.0
1  17.0
2  36.0
1  40.0
2  50.0
1  19.0
2  240.0
1  881.0
2  8.0
1  12.0
2  15.0
1  5.0
2  6.0
1  331.0
2  17.0
1  1.0
2  3.0
1  11.0
2  8.0
1  6.0
2  4.0
1  9.0
2  13.0
1  8.0
2  14.0
1  3.0
2  3.0
1  11.0
2  3.0
1  6.0
2  6.0
1  8.0
2  13.0
1  20.0
2  6.0
1  24.0
2  2.0
1  18.0
2  14.0
1  8.0
2  43.0
1  23.0
2  7.0
1  5.0
2  30.0
1  25.0
2  54.0
1  20.0
2  38.0
1  88.0
2  12.0
1  6.0
2  2.0
1  16.0
2  28.0
1  1.0
2  3.0
1  2.0
2  2.0
1  5.0
2  3.0
1  9.0
2  30.0
1  13.0
2  1.0
1  33.0
2  20.0
1  3.0
2  15.0
1  4.0
2  20.0
1  15.0
2  45.0
1  16.0
2  1.0
1  8.0
2  3.0
1  11.0
2  6.0
1  11.0
2  2.0
1  27.0
2  17.0
1  29.0
2  12.0
1  4.0
2  6.0
1  7.0
2  2.0
1  3.0
2  42.0
1  15.0
2  46.0
1  18.0
2  47.0
1  1.0
2  12.0
1  17.0
2  19.0
1  1.0
2  54.0
1  1.0
2  6.0
1  25.0
2  41.0
1  13.0
2  21.0
1  6.0
2  15.0
1  6.0
2  5.0
1  4.0
2  19.0
1  14.0
2  16.0
1  6.0
2  11.0
1  8.0
2  11.0
1  2.0
2  2.0
1  11.0
2  5.0
1  1.0
2  46.0
1  4.0
2  17.0
1  11.0
2  8.0
1  1.0
2  21.0
1  5.0
2  48.0
1  391.0
2  38814.0
1  770.0
2  227.0
1  773.0
2  22.0
1  5.0
2  12.0
1  35.0
2  19.0
1  5.0
2  16.0
1  13.0
2  3.0
1  8.0
2  14.0
1  10.0
2  42.0
1  17.0
2  41.0
1  11.0
2  22.0
1  0.0
2  29.0
1  7.0
2  15.0
1  43.0
2  67.0
1  6.0
2  4.0
1  15.0
2  29.0
1  53.0
2  31.0
1  9.0
2  45.0
1  3.0
2  98.0
1  21.0
2  45.0
1  29.0
2  31.0
1  8.0
2  13.0
1  7.0
2  77.0
1  1.0
2  18.0
1  7.0
2  38.0
1  12.0
2  15.0
1  6.0
2  89.0
1  10.0
2  82.0
1  33.0
2  14.0
1  11.0
2  22.0
1  4.0
2  36751.0
1  3640.0
2  56.0
1  18.0
2  11.0
1  16.0
2  32.0
1  13.0
2  7.0
1  0.0
2  13.0
1  14.0
2  10.0
1  21.0
2  4.0
1  11.0
2  68.0
1  13.0
2  70.0
1  22.0
2  12.0
1  2.0
2  11.0
1  533.0
2  38.0
1  3.0
2  192.0
1  22.0
2  42.0
1  6.0
2  113.0
1  38.0
2  10.0
1  20.0
2  20.0
1  144.0
2  13.0
1  15.0
2  32.0
1  12.0
2  17.0
1  0.0
2  92.0
1  17.0
2  72.0
1  15.0
2  22.0
1  15.0
2  33.0
1  34.0
2  11.0
1  9.0
2  1.0
1  8.0
2  55.0
1  58.0
2  8.0
1  9.0
2  15.0
1  3.0
2  8.0
1  14.0
2  70.0
1  18.0
2  37.0
1  32.0
2  24.0
1  7.0
2  23.0
1  2.0
2  64.0
1  18.0
2  26.0
1  14.0
2  15.0
1  4.0
2  4.0
1  6.0
2  59.0
1  24.0
2  29.0
1  8.0
2  23.0
1  11.0
2  43.0
1  28.0
2  18.0
1  7.0
2  3.0
1  1.0
2  21.0
1  14.0
2  36.0
1  15.0
2  35.0
1  2.0
2  4.0
1  1.0
2  38.0
1  3.0
2  19.0
1  26.0
2  3.0
1  9.0
2  2.0
1  1.0
2  8.0
1  24.0
2  25.0
1  7.0
2  3.0
1  3.0
2  3.0
1  0.0
2  20.0
1  1.0
2  28.0
1  7.0
2  11.0
1  24.0
2  27.0
1  8.0
2  3.0
1  17.0
2  88.0
1  14.0
2  53.0
1  28.0
2  21.0
1  11.0
2  33.0
1  0.0
2  9.0
1  19.0
2  9.0
1  0.0
2  14.0
1  10.0
2  34.0
1  9.0
2  1.0
1  11.0
2  13.0
1  12.0
2  32.0
1  30.0
2  23.0
1  2.0
2  13.0
1  18.0
2  30.0
1  9.0
2  43.0
1  46.0
2  77.0
1  26.0
2  14.0
1  6.0
2  6.0
1  6.0
2  64.0
1  138.0
2  11.0
1  104.0
2  30.0
1  2.0
2  1.0
1  15.0
2  4.0
1  9.0
2  69.0
1  13.0
2  16.0
1  1.0
2  17.0
1  1.0
2  39.0
1  3.0
2  32.0
1  14.0
2  29.0
1  20.0
2  12.0
1  0.0
2  8.0
1  22.0
2  33.0
1  9.0
2  99.0
1  37.0
2  33.0
1  42.0
2  28.0
1  43.0
2  23.0
1  48.0
2  30.0
1  16.0
2  35.0
1  17.0
2  21.0
1  25.0
2  27.0
1  6.0
2  44.0
1  9.0
2  64.0
1  11.0
2  15.0
1  8.0
2  7.0
1  13.0
2  22.0
1  10.0
2  28.0
1  6.0
2  7.0
1  7.0
2  6.0
1  20.0
2  15.0
1  22.0
2  2.0
1  6.0
2  44672.0
1  2419.0
2  958.0
1  4378.0
2  28.0
1  5.0
2  27.0
1  51.0
2  7.0
1  4.0
2  29.0
1  9.0
2  45.0
1  48.0
2  35.0
1  9.0
2  9.0
1  6.0
2  48.0
1  8.0
2  15.0
1  9.0
2  28.0
1  1.0
2  4.0
1  9.0
2  31.0
1  61.0
2  47.0
1  6592.0
2  8207.0
1  15159.0
2  23.0
1  9.0
2  14.0
1  0.0
2  3.0
1  11.0
2  42.0
1  11.0
2  49.0
1  10.0
2  45.0
1  3.0
2  25.0
1  23.0
2  1.0
1  45.0
2  2.0
1  95.0
2  21.0
1  12.0
2  4.0
1  5.0
2  20.0
1  18.0
2  1.0
1  5.0
2  51.0
1  10.0
2  34.0
1  13.0
2  18.0
1  11.0
2  4.0
1  6.0
2  2.0
1  18.0
2  9.0
1  7.0
2  58.0
1  7.0
2  7.0
1  4.0
2  2.0
1  22.0
2  19.0
1  23.0
2  31.0
1  10.0
2  75.0
1  26.0
2  65.0
1  4.0
2  42.0
1  13.0
2  62.0
1  26.0
2  44.0
1  0.0
2  121.0
1  8.0
2  25.0
1  10.0
2  16.0
1  8.0
2  11.0
1  0.0
2  47.0
1  20.0
2  5.0
1  2.0
2  19.0
1  7.0
2  65.0
1  13.0
2  17.0
1  28.0
2  30.0
1  18.0
2  7.0
1  6.0
2  8.0
1  4.0
2  14.0
1  9.0
2  10.0
1  3.0
2  23.0
1  10.0
2  10.0
1  7.0
2  8.0
1  5.0
2  4.0
1  9.0
2  15.0
1  26.0
2  1.0
1  22.0
2  24.0
1  0.0
2  11.0
1  8.0
2  4.0
1  1.0
2  15.0
1  21.0
2  28.0
1  39195.0
2  638.0
1  44.0
2  34.0
1  16.0
2  22.0
1  15.0
2  29.0
1  10.0
2  191.0
1  31.0
2  18.0
1  4.0
2  6.0
1  6.0
2  45.0
1  3227.0
2  4003.0
1  32113.0
2  58.0
1  9.0
2  31.0
1  7.0
2  9.0
1  15.0
2  51.0
1  19.0
2  70.0
1  67.0
2  1.0
1  12.0
2  48.0
1  97.0
2  65.0
1  94.0
2  58.0
1  50.0
2  26.0
1  0.0
2  65.0
1  11.0
2  6.0
1  6.0
2  3.0
1  8.0
2  7.0
1  1.0
2  14.0
1  8.0
2  5.0
1  15.0
2  26.0
1  28.0
2  29.0
1  15.0
2  38.0
1  6.0
2  30.0
1  8.0
2  85.0
1  21.0
2  154.0
1  17.0
2  650.0
1  35.0
2  694.0
1  16.0
2  9.0
1  9.0
2  362.0
1  13.0
2  16.0
1  26.0
2  9.0
1  3.0
2  1317.0
1  38176.0
2  5688.0
1  40291.0
2  1504.0
1  50.0
2  39.0
1  6.0
2  341.0
1  921.0
2  22.0
1  10.0
2  180.0
1  15.0
2  444.0
1  42.0
2  79.0
1  9.0
2  4.0
1  3.0
2  17.0
1  12.0
2  18.0
1  10.0
2  12.0
1  16.0
2  2.0
1  7.0
2  15.0
1  4.0
2  3.0
1  12.0
2  35.0
1  31.0
2  24.0
1  9.0
2  11.0
1  15.0
2  11.0
1  8.0
2  1.0
1  4.0
2  18.0
1  9.0
2  20.0
1  44.0
2  10.0
1  14.0
2  11.0
1  9.0
2  19.0
1  4.0
2  10.0
1  12.0
2  2.0
1  8.0
2  26.0
1  27.0
2  16.0
1  23.0
2  36.0
1  18.0
2  42.0
1  24.0
2  19.0
1  8.0
2  11.0
1  8.0
2  22.0
1  9.0
2  8.0
1  8.0
2  2.0
1  6.0
2  7.0
1  36.0
2  23.0
1  1.0
2  16.0
1  0.0
2  12.0
1  13.0
2  8.0
1  9.0
2  9.0
1  7.0
2  3.0
1  10.0
2  4.0
1  10.0
2  23.0
1  11.0
2  27.0
1  78.0
2  18.0
1  13.0
2  28.0
1  22.0
2  27.0
1  35.0
2  15.0
1  10.0
2  14.0
1  18.0
2  5.0
1  4.0
2  18.0
1  13.0
2  15.0
1  38.0
2  21.0
1  0.0
2  7.0
1  1.0
2  17.0
1  4.0
2  17.0
1  3.0
2  37.0
1  83.0
2  11.0
1  4.0
2  1.0
1  2.0
2  17.0
1  44.0
2  14.0
1  17.0
2  10.0
1  1.0
2  96.0
1  7.0
2  1.0
1  7.0
2  14.0
1  2.0
2  46.0
1  14.0
2  7.0
1  26.0
2  19.0
1  3.0
2  4.0
1  9.0
2  6.0
1  7.0
2  2.0
1  15.0
2  26.0
1  2.0
2  12.0
1  14.0
2  17.0
1  27.0
2  53.0
1  11.0
2  19.0
1  12.0
2  8.0
1  6.0
2  43.0
1  10.0
2  89.0
1  21.0
2  52.0
1  3.0
2  4.0
1  7.0
2  17.0
1  21.0
2  12.0
1  8.0
2  23.0
1  3.0
2  13.0
1  17.0
2  24.0
1  34.0
2  16.0
1  15.0
2  14.0
1  0.0
2  8.0
1  2.0
2  136826.0
1  263.0
2  241.0
1  453.0
2  17.0
1  33.0
2  27.0
1  1149.0
2  20486.0
1  246.0
2  11.0
1  29.0
2  21.0
1  0.0
2  31.0
1  30.0
2  25.0
1  22.0
2  6.0
1  8.0
2  21.0
1  10.0
2  33.0
1  24.0
2  41.0
1  3.0
2  32.0
1  11.0
2  34.0
1  11.0
2  2.0
1  1.0
2  10.0
1  30.0
2  29.0
1  10.0
2  36.0
1  13.0
2  31.0
1  12.0
2  36.0
1  12.0
2  8.0
1  1.0
2  2.0
1  24.0
2  128.0
1  39.0
2  16.0
1  12.0
2  3.0
1  5.0
2  59.0
1  7822.0
2  1086.0
1  414.0
2  18.0
1  2.0
2  4.0
1  7.0
2  3.0
1  11.0
2  10.0
1  12.0
2  7.0
1  16.0
2  42164.0
1  679.0
2  25.0
1  5.0
2  6.0
1  5.0
2  12.0
1  11.0
2  33.0
1  22.0
2  4.0
1  13.0
2  14.0
1  18.0
2  6.0
1  14.0
2  4.0
1  7.0
2  18.0
1  17.0
2  11.0
1  18.0
2  1.0
1  16.0
2  75.0
1  21.0
2  23.0
1  21.0
2  16.0
1  18.0
2  6094.0
1  8.0
2  179.0
1  20.0
2  135.0
1  24.0
2  56.0
1  24.0
2  3.0
1  10.0
2  65.0
1  2.0
2  20.0
1  12.0
2  55.0
1  7.0
2  45.0
1  16.0
2  45.0
1  25.0
2  2.0
1  15.0
2  36.0
1  1.0
2  49.0
1  7.0
2  22.0
1  23.0
2  53.0
1  1.0
2  26.0
1  11.0
2  10.0
1  10.0
2  18.0
1  7.0
2  30.0
1  16.0
2  27.0
1  2.0
2  19.0
1  2.0
2  3.0
1  14.0
2  50.0
1  0.0
2  1.0
1  16.0
2  29.0
1  11.0
2  7073.0
1  64823.0
2  17699.0
1  30969300.0
2  257474.0
1  74.0
2  21.0
1  31.0
2  26.0
1  84.0
2  318.0
1  330.0
2  34847.0
1  29158.0
2  594528.0
