0 0
2 0.166666666667
3 4.0
4 0.5
5 2.0
6 1.25
7 0.4
8 1.0
9 2.0
10 0.75
11 1.66666666667
12 1.2
13 0.333333333333
14 3.0
15 0.333333333333
16 0.5
17 2.0
18 1.0
19 1.0
20 2.0
21 0.75
22 1.33333333333
23 1.25
24 0.2
25 1.0
26 3.0
27 1.33333333333
28 1.0
29 0.25
30 1.0
31 7.0
32 0.714285714286
33 0.4
34 1.0
35 2.5
36 0.8
37 0.75
38 1.66666666667
39 0.2
40 3.0
41 1.33333333333
42 0.75
43 1.0
44 0.333333333333
45 1.0
46 9.0
47 0.222222222222
48 8.0
49 0.1875
50 0.666666666667
51 4.0
52 0.25
53 1.5
54 1.66666666667
55 1.4
56 0.571428571429
57 0.25
58 2.0
59 2.0
60 1.0
61 1.0
62 0.75
63 1.33333333333
64 0.25
65 1.0
66 2.0
67 2.0
68 0.75
69 0.333333333333
70 5.0
71 0.6
72 0.333333333333
73 1.0
74 4.0
75 0.75
76 0.666666666667
77 2.5
78 0.6
79 2.0
80 0.833333333333
81 0.8
82 1.5
83 1.0
84 1.33333333333
85 0.25
86 1.0
87 3.0
88 1.16666666667
89 0.428571428571
90 3.0
91 0.444444444444
92 2.25
93 0.222222222222
94 3.5
95 1.28571428571
96 1.22222222222
97 0.363636363636
98 0.25
99 7.0
100 0.142857142857
101 3.0
102 0.666666666667
103 3.5
104 0.714285714286
105 1.0
106 0.4
107 4.5
108 0.222222222222
109 0.5
110 4.0
111 1.5
112 0.333333333333
113 1.5
114 2.0
115 1.33333333333
116 0.375
117 1.33333333333
118 0.25
119 7.0
120 0.428571428571
121 1.66666666667
122 0.6
123 1.33333333333
124 0.25
125 5.0
126 0.8
127 0.75
128 0.666666666667
129 1.5
130 1.66666666667
131 0.6
132 3.0
133 0.222222222222
134 2.5
135 0.2
136 1.0
137 1.0
138 5.0
139 0.4
140 2.0
141 1.25
142 0.2
143 3.0
144 0.333333333333
145 5.0
146 0.8
147 0.25
148 4.0
149 1.25
150 0.6
151 3.33333333333
152 0.8
153 0.375
154 0.333333333333
155 6.0
156 0.666666666667
157 0.5
158 2.0
159 0.5
160 0.5
161 6.0
162 0.166666666667
163 3.0
164 0.333333333333
165 10.0
166 0.4
167 0.75
168 2.0
169 0.166666666667
170 7.0
171 1.28571428571
172 0.111111111111
173 1.0
174 1.0
175 3.0
176 0.333333333333
177 9.0
178 0.777777777778
179 0.142857142857
180 5.0
181 0.4
182 1.0
183 0.5
184 6.0
185 1.5
186 0.222222222222
187 2.0
188 1.5
189 0.666666666667
190 0.75
191 0.333333333333
192 1.0
193 5.0
194 0.2
195 4.0
196 0.25
197 2.0
198 3.0
199 0.666666666667
200 2.25
201 0.111111111111
202 3.0
