0 0
2 3.0
3 1.0
4 0.333333333333
5 4.0
6 2.0
7 1.0
8 2.5
9 0.35
10 0.142857142857
11 3.0
12 0.333333333333
13 1.0
14 1.0
15 1.0
16 6.0
17 0.166666666667
18 1.0
19 2.0
20 1.5
21 0.333333333333
22 5.0
23 0.4
24 1.0
25 1.0
26 0.5
27 1.0
28 2.0
29 2.0
30 1.25
31 0.2
32 3.0
33 0.666666666667
34 2.5
35 0.2
36 1.0
37 3.0
38 1.0
39 1.0
40 0.333333333333
41 4.0
42 0.25
43 1.0
44 2.0
45 0.5
46 1.0
47 7.0
48 1.0
49 0.285714285714
50 1.0
51 0.0
51 0
52 0
53 0
55 1.0
56 3.0
57 0.333333333333
58 6.0
59 0.666666666667
60 2.5
61 0.3
62 2.33333333333
63 0.285714285714
64 3.5
65 0.571428571429
66 2.25
67 0.444444444444
68 1.25
69 1.2
70 1.66666666667
71 0.5
72 0.8
73 0.25
74 1.0
75 3.0
76 2.0
77 1.0
78 0.833333333333
79 0.2
80 6.0
81 0.666666666667
82 0.5
83 2.0
84 0.5
85 3.0
86 1.0
87 0.333333333333
88 6.0
89 0.0833333333333
90 7.0
91 0.285714285714
92 2.0
93 0.25
94 2.0
95 1.0
96 2.0
97 0.25
98 2.0
99 1.5
100 1.0
101 1.0
102 1.0
103 0.0
103 0
104 0
105 0
106 0
108 5.0
109 1.2
110 1.66666666667
111 0.1
112 6.0
113 0.333333333333
114 3.5
115 0.0
115 0
116 0
117 0
119 0.25
120 5.0
121 0.2
122 1.0
123 6.0
124 0.833333333333
125 0.8
126 0.5
127 1.0
128 1.0
129 1.5
130 0.666666666667
131 1.5
132 0.333333333333
133 2.0
134 0.5
135 1.0
136 5.0
137 1.6
138 0.5
139 0.25
140 4.0
141 0.25
142 6.0
143 1.5
144 0.444444444444
145 0.25
146 1.0
147 3.0
148 0.333333333333
149 3.0
150 0.666666666667
151 0.5
152 1.0
153 4.0
154 0.25
155 2.0
156 2.0
157 0.25
158 5.0
159 0.4
160 0.5
161 2.0
162 2.0
163 0.25
164 1.0
165 2.0
166 1.0
167 1.5
168 0.666666666667
169 0.5
170 2.0
171 0.5
172 3.0
173 0.333333333333
174 1.0
175 3.0
176 0.333333333333
177 3.0
178 1.0
179 0.666666666667
180 0.5
181 8.0
182 0.75
183 1.0
184 0.5
185 2.33333333333
186 0.428571428571
187 0.333333333333
188 1.0
189 3.0
190 1.33333333333
191 0.25
192 1.0
193 1.0
194 1.0
195 7.0
196 0.142857142857
197 4.0
198 0.25
199 9.0
200 0.444444444444
201 0.25
202 1.0
203 1.0
204 6.0
205 0.666666666667
206 0.25
207 7.0
208 0.142857142857
209 2.0
210 2.0
211 0.5
212 2.0
213 0.5
214 1.0
215 2.0
216 1.25
217 1.0
218 1.0
219 0.2
220 1.0
221 1.0
222 2.0
223 0.5
224 9.0
225 0.111111111111
226 1.0
227 1.0
228 2.0
229 2.0
230 0.25
231 1.0
232 2.0
233 3.5
234 0.714285714286
235 1.2
236 0.833333333333
237 1.4
238 0.714285714286
239 0.4
240 0.5
241 2.0
242 4.0
243 0.125
244 3.0
245 0.333333333333
246 10.0
247 1.0
248 0.1
249 5.0
250 0.6
251 0.666666666667
252 3.0
253 0.166666666667
254 3.0
255 3.33333333333
256 0.1
257 5.0
258 0.4
259 3.0
260 0.166666666667
261 4.0
262 0.25
263 1.0
264 4.0
265 0.75
266 1.33333333333
267 0.25
268 3.0
269 0.333333333333
270 3.0
271 1.0
272 1.33333333333
273 1.75
274 0.285714285714
275 0.5
276 5.0
277 0.8
278 1.25
279 0.6
280 1.66666666667
281 0.4
282 2.5
283 0.4
284 2.0
285 0.5
286 5.0
287 0.9
288 0.111111111111
289 2.0
290 1.0
291 2.5
292 0.2
293 1.0
294 5.0
295 1.4
296 0.571428571429
297 0.5
298 3.0
299 0.333333333333
300 2.5
301 0.2
302 3.0
303 0.666666666667
304 0.5
305 4.0
306 1.0
307 0.25
308 9.0
309 0.111111111111
310 4.0
311 0.25
312 1.0
313 1.0
314 6.0
315 0.333333333333
316 1.0
317 2.5
318 2.0
319 0.5
320 1.6
321 1.125
322 1.0
323 0.555555555556
324 1.2
325 0.166666666667
326 8.0
327 0.625
328 0.2
329 4.0
330 1.5
331 0.5
332 1.66666666667
333 0.2
334 2.0
335 0.5
336 2.0
337 0.5
338 1.0
339 6.0
340 0.166666666667
341 1.0
342 1.0
343 1.0
344 4.0
345 2.25
346 0.888888888889
347 0.375
348 1.0
349 0.333333333333
350 1.0
351 5.0
352 0.2
353 1.0
354 3.0
355 0.333333333333
