1 -1
1 1
1 -1
1 -1
1 -1
1 -1
1 -1
1 -1
1 -1
1 -1
1 -1
1 -1
1 0
1 -1
1 -1
1 -1
1 -1
1 -1
1 -1
1 -1
1 -1
1 -1
1 -1
1 -1
1 -1
1 -1
1 -1
1 -1
1 -1
1 -1
1 -1
1 -1
1 -1
1 -1
1 -1
1 -1
1 -1
1 -1
1 0
1 -1
1 0
1 -1
1 -1
1 1
1 -1
1 -1
1 -1
1 0
1 -1
1 -1
2 0
3 0
4 0
1 -1
1 -1
1 -1
1 -1
1 -1
1 -1
1 0
1 -1
1 -1
1 1
1 -1
1 -1
1 8
1 -1
1 -1
1 0
1 -1
1 -1
1 -1
1 -1
1 -1
1 -1
1 -1
1 -1
1 -1
1 -1
1 -1
1 -1
1 -1
1 -1
1 -1
1 -1
1 -1
1 -1
1 -1
1 -1
1 -1
1 -1
1 -1
1 -1
1 -1
1 -1
1 -1
1 -1
1 -1
1 0
1 -1
1 41
1 43
2 0
3 0
4 0
5 0
1 -1
1 -1
1 -1
1 -1
1 -1
1 -1
1 -1
1 -1
2 0
3 0
4 0
1 0
1 -1
1 -1
1 0
1 -1
1 -1
1 -1
1 -1
1 -1
1 -1
1 -1
1 -1
1 -1
1 -1
1 0
1 -1
1 -1
1 -1
1 -1
1 -1
1 -1
1 -1
1 -1
1 -1
1 -1
1 -1
1 -1
1 -1
1 -1
1 -1
1 -1
1 0
1 -1
1 -1
1 -1
1 -1
1 -1
1 -1
1 -1
1 0
1 0
1 -1
1 0
1 -1
1 -1
1 -1
1 -1
1 -1
1 -1
1 -1
1 -1
1 -1
1 -1
1 -1
1 -1
1 -1
1 -1
1 1
1 -1
1 -1
1 -1
1 -1
1 -1
1 1
1 -1
1 -1
1 -1
1 -1
1 -1
1 -1
1 -1
1 -1
1 -1
1 -1
1 -1
1 -1
1 -1
1 -1
1 -1
1 -1
1 -1
1 -1
1 -1
1 -1
1 -1
1 -1
1 -1
1 0
1 -1
1 -1
1 12
1 -1
1 0
1 3
1 -1
1 -1
1 -1
1 -1
1 -1
1 -1
1 -1
1 -1
1 -1
1 -1
1 -1
1 -1
1 -1
1 -1
1 -1
1 -1
1 -1
1 -1
1 -1
1 -1
1 -1
1 -1
1 2
1 0
1 1
1 -1
1 -1
1 -1
1 -1
1 -1
1 -1
1 -1
1 -1
1 -1
1 0
1 1
1 -1
1 -1
1 -1
1 -1
1 -1
1 3
1 -1
1 4
1 0
1 -1
1 -1
1 2
1 -1
1 -1
1 -1
1 -1
1 -1
1 0
1 -1
1 -1
1 -1
1 -1
1 -1
1 0
1 -1
1 0
1 -1
1 0
1 0
1 -1
1 -1
1 -1
1 -1
1 -1
1 1
1 -1
1 0
1 -1
1 -1
1 0
1 -1
1 -1
1 -1
1 -1
1 3
1 -1
1 -1
1 -1
1 3
1 -1
1 -1
1 -1
1 0
1 -1
1 -1
1 0
1 -1
1 -1
1 -1
1 0
1 -1
1 -1
1 0
1 -1
1 -1
1 -1
1 -1
1 -1
1 -1
1 -1
1 -1
1 3
1 -1
1 0
1 -1
1 -1
1 -1
1 -1
1 -1
1 2
1 -1
1 3
1 -1
1 -1
1 -1
1 0
1 -1
1 -1
1 -1
1 -1
1 -1
1 -1
1 -1
1 -1
1 0
1 -1
1 -1
1 -1
1 -1
1 -1
1 -1
1 -1
1 -1
1 -1
1 -1
1 -1
1 -1
1 -1
