0
0
0
0
0
0
0
0
0
60.0
180.0
180.0
180.0
0.0
180.0
180.0
47520.0
120.0
120.0
60.0
0.0
0.0
0.0
0.0
0.0
0.0
0.0
0.0
0.0
60.0
0.0
0.0
0.0
60.0
60.0
0.0
0.0
60.0
0.0
0.0
0.0
120.0
0.0
0.0
0.0
0.0
60.0
0.0
60.0
0.0
0.0
0.0
0.0
60.0
0.0
0.0
0.0
0.0
0.0
0.0
0.0
0.0
0.0
0.0
0.0
0.0
0.0
0.0
0.0
60.0
0.0
0.0
0.0
0.0
60.0
60.0
0.0
0.0
0.0
0.0
0.0
60.0
0.0
0.0
0.0
0.0
0.0
60.0
0.0
0.0
0.0
60.0
60.0
60.0
0.0
60.0
60.0
0.0
1380.0
3955140.0
17820.0
580680.0
580680.0
580680.0
580680.0
580680.0
115320.0
0.0
0.0
60.0
11340.0
0.0
120.0
60.0
60.0
60.0
60.0
60.0
60.0
120.0
0.0
0.0
0.0
60.0
0.0
60.0
0.0
60.0
0.0
0.0
60.0
0.0
0.0
0.0
120.0
60.0
60.0
60.0
60.0
60.0
60.0
0.0
0.0
0.0
0.0
60.0
0.0
0.0
0.0
0.0
60.0
0.0
0.0
0.0
0.0
0.0
0.0
0.0
0.0
0.0
0.0
0.0
0.0
0.0
0.0
0.0
0.0
0.0
0.0
0.0
0.0
0.0
0.0
0.0
0.0
0.0
0.0
180.0
120.0
120.0
120.0
60.0
0.0
0.0
0.0
0.0
0.0
60.0
60.0
0.0
0.0
0.0
60.0
0.0
0.0
0.0
60.0
60.0
60.0
60.0
780.0
57720.0
900.0
0.0
0.0
0.0
60.0
0.0
0.0
0.0
0.0
0.0
0.0
0.0
0.0
0.0
0.0
0.0
0.0
1080.0
420.0
0.0
0.0
0.0
0.0
0.0
85440.0
540.0
540.0
540.0
60.0
0.0
0.0
0.0
0.0
0.0
60.0
0.0
0.0
0.0
0.0
60.0
60.0
1320.0
1980.0
420.0
420.0
420.0
420.0
1380.0
180.0
60.0
60.0
420.0
0.0
360.0
60.0
60.0
60.0
240.0
60.0
0.0
0.0
0.0
0.0
0.0
120.0
60.0
300.0
0.0
1440.0
0.0
0.0
0.0
0.0
0.0
0.0
0.0
0.0
0.0
0.0
0.0
0.0
0.0
0.0
0.0
0.0
0.0
0.0
0.0
0.0
0.0
0.0
0.0
0.0
0.0
0.0
60.0
0.0
0.0
0.0
0.0
60.0
0.0
60.0
120.0
120.0
120.0
60.0
120.0
60.0
60.0
600.0
120.0
120.0
120.0
0.0
0.0
0.0
0.0
60.0
60.0
0.0
0.0
0.0
0.0
60.0
0.0
60.0
0.0
60.0
60.0
120.0
60.0
0.0
0.0
0.0
0.0
0.0
300.0
60.0
60.0
300.0
180.0
0.0
0.0
0.0
10920.0
228480.0
68280.0
780.0
780.0
780.0
780.0
780.0
