180.0
0.0
180.0
120.0
0.0
0.0
0.0
0.0
0.0
0.0
60.0
0.0
0.0
60.0
0.0
60.0
60.0
0.0
0.0
0.0
120.0
0.0
60.0
60.0
0.0
60.0
0.0
0.0
0.0
60.0
0.0
0.0
0.0
0.0
0.0
0.0
0.0
0.0
60.0
0.0
60.0
0.0
120.0
3955140.0
580680.0
0.0
60.0
60.0
25320.0
11340.0
0.0
60.0
0.0
120.0
0.0
0.0
0.0
120.0
0.0
0.0
60.0
0.0
0.0
0.0
120.0
120.0
60.0
0.0
0.0
0.0
60.0
0.0
60.0
0.0
0.0
0.0
0.0
0.0
0.0
60.0
0.0
0.0
0.0
120.0
0.0
0.0
60.0
60.0
60.0
0.0
60.0
0.0
60.0
60.0
60.0
57720.0
57720.0
900.0
0.0
0.0
0.0
420.0
60.0
0.0
120.0
85440.0
540.0
0.0
0.0
0.0
0.0
0.0
0.0
0.0
0.0
0.0
60.0
60.0
1320.0
1980.0
1980.0
420.0
1380.0
1380.0
60.0
180.0
60.0
420.0
0.0
60.0
60.0
0.0
0.0
0.0
0.0
0.0
120.0
60.0
300.0
0.0
4380.0
0.0
0.0
60.0
0.0
0.0
60.0
0.0
0.0
0.0
0.0
0.0
0.0
0.0
0.0
0.0
0.0
0.0
0.0
0.0
0.0
0.0
60.0
0.0
0.0
60.0
60.0
120.0
0.0
60.0
120.0
0.0
0.0
0.0
0.0
60.0
0.0
60.0
0.0
60.0
0.0
60.0
120.0
0.0
60.0
0.0
0.0
60.0
300.0
300.0
60.0
300.0
180.0
60.0
0.0
0.0
10920.0
228480.0
228480.0
17220.0
68280.0
780.0
