1  0
1  0
1  0
1  0
1  0
1  0
1  0
1  0
1  0
1  60.0
2  180.0
1  180.0
1  180.0
1  180.0
1  0.0
2  0.0
2  180.0
1  180.0
1  180.0
1  47520.0
2  120.0
1  120.0
1  120.0
1  60.0
2  0.0
1  0.0
1  0.0
2  0.0
1  0.0
1  0.0
1  0.0
2  0.0
1  0.0
1  0.0
2  0.0
2  0.0
1  0.0
1  0.0
2  0.0
1  60.0
2  60.0
2  0.0
1  0.0
1  0.0
1  0.0
2  0.0
2  60.0
1  60.0
1  60.0
1  0.0
2  0.0
2  60.0
1  0.0
2  60.0
1  60.0
1  0.0
2  0.0
1  0.0
2  0.0
2  0.0
1  0.0
1  120.0
2  120.0
2  0.0
1  0.0
1  0.0
1  0.0
1  0.0
2  60.0
1  60.0
1  0.0
2  60.0
1  60.0
1  0.0
2  0.0
1  0.0
1  0.0
1  0.0
1  60.0
2  60.0
2  0.0
1  0.0
1  0.0
1  0.0
1  0.0
2  0.0
1  0.0
1  0.0
1  0.0
1  0.0
1  0.0
1  0.0
1  0.0
1  0.0
1  0.0
1  0.0
1  0.0
1  60.0
2  0.0
1  0.0
1  0.0
1  0.0
1  0.0
2  60.0
1  60.0
1  60.0
1  0.0
2  0.0
1  0.0
2  0.0
2  0.0
1  0.0
2  0.0
1  0.0
1  0.0
1  60.0
2  0.0
1  0.0
1  0.0
1  0.0
1  0.0
1  0.0
2  0.0
2  0.0
1  60.0
2  0.0
1  0.0
1  0.0
1  0.0
2  60.0
1  60.0
1  60.0
1  60.0
1  0.0
2  0.0
2  60.0
1  60.0
1  60.0
1  0.0
2  0.0
2  120.0
1  1380.0
2  3955140.0
1  3955140.0
1  17820.0
2  580680.0
1  580680.0
1  580680.0
1  580680.0
1  580680.0
1  580680.0
1  115320.0
2  0.0
1  0.0
1  0.0
1  60.0
2  60.0
2  60.0
2  25320.0
1  11340.0
2  11340.0
2  0.0
1  0.0
1  120.0
2  60.0
1  60.0
1  60.0
1  60.0
1  60.0
1  60.0
1  60.0
2  0.0
1  120.0
2  120.0
2  0.0
1  0.0
2  0.0
1  0.0
1  0.0
1  60.0
2  0.0
1  0.0
2  120.0
1  60.0
2  0.0
1  0.0
1  60.0
2  0.0
1  0.0
1  0.0
1  60.0
2  60.0
2  0.0
1  0.0
2  0.0
1  0.0
2  0.0
1  0.0
1  120.0
2  120.0
2  120.0
2  60.0
1  60.0
1  60.0
1  60.0
1  60.0
1  60.0
1  60.0
1  0.0
2  0.0
2  0.0
1  0.0
2  0.0
1  0.0
1  0.0
1  60.0
2  60.0
2  0.0
1  0.0
1  0.0
1  0.0
1  0.0
2  60.0
1  60.0
1  0.0
2  0.0
2  0.0
2  0.0
1  0.0
1  0.0
1  0.0
1  0.0
1  0.0
1  0.0
1  0.0
1  0.0
1  0.0
2  0.0
2  0.0
2  0.0
2  60.0
1  0.0
2  0.0
1  0.0
1  0.0
1  0.0
1  0.0
2  0.0
1  0.0
1  0.0
1  0.0
1  0.0
1  0.0
1  0.0
2  0.0
1  0.0
1  0.0
1  0.0
1  0.0
1  0.0
1  180.0
2  120.0
1  120.0
1  120.0
1  120.0
1  60.0
2  0.0
1  0.0
2  0.0
1  0.0
1  0.0
1  0.0
1  0.0
1  60.0
2  60.0
2  60.0
2  60.0
1  60.0
1  0.0
2  0.0
1  0.0
1  0.0
1  60.0
2  60.0
2  0.0
1  0.0
1  0.0
1  0.0
1  60.0
2  60.0
2  60.0
1  60.0
1  60.0
1  60.0
1  780.0
2  60.0
1  57720.0
2  57720.0
2  57720.0
2  900.0
1  900.0
1  0.0
2  0.0
1  0.0
2  0.0
1  0.0
1  60.0
2  0.0
1  0.0
1  0.0
1  0.0
1  0.0
1  0.0
1  0.0
1  0.0
1  0.0
1  0.0
1  0.0
1  0.0
1  0.0
1  1080.0
2  420.0
1  420.0
1  0.0
2  60.0
1  0.0
2  0.0
1  0.0
1  0.0
1  0.0
2  120.0
1  85440.0
2  85440.0
2  540.0
1  540.0
1  540.0
1  540.0
1  60.0
2  0.0
1  0.0
1  0.0
2  0.0
1  0.0
2  0.0
1  0.0
1  0.0
1  60.0
2  0.0
1  0.0
2  0.0
2  0.0
2  0.0
1  0.0
2  0.0
2  0.0
1  0.0
1  0.0
2  60.0
1  60.0
1  60.0
2  60.0
2  1320.0
1  1320.0
1  1980.0
2  1980.0
2  1980.0
2  420.0
1  420.0
1  420.0
1  420.0
1  420.0
1  1380.0
2  1380.0
2  1380.0
2  60.0
1  180.0
2  180.0
2  60.0
1  60.0
1  60.0
1  420.0
2  420.0
2  0.0
1  0.0
1  360.0
2  60.0
1  60.0
1  60.0
1  60.0
1  240.0
2  60.0
1  60.0
1  0.0
2  0.0
1  0.0
1  0.0
2  0.0
2  0.0
1  0.0
2  0.0
2  0.0
1  0.0
1  120.0
2  120.0
2  60.0
1  60.0
1  300.0
2  300.0
2  0.0
1  0.0
1  1440.0
2  4380.0
1  0.0
2  0.0
2  0.0
2  60.0
1  0.0
2  0.0
1  0.0
2  0.0
1  0.0
1  0.0
2  60.0
1  0.0
2  0.0
2  0.0
1  0.0
2  0.0
1  0.0
1  0.0
1  0.0
2  0.0
1  0.0
1  0.0
2  0.0
2  0.0
1  0.0
1  0.0
1  0.0
1  0.0
2  0.0
1  0.0
2  0.0
1  0.0
1  0.0
1  0.0
1  0.0
2  0.0
1  0.0
1  0.0
1  0.0
2  0.0
1  0.0
2  0.0
1  0.0
2  0.0
1  60.0
2  0.0
1  0.0
2  0.0
1  0.0
1  0.0
1  0.0
2  0.0
2  60.0
1  60.0
1  0.0
2  0.0
2  0.0
1  60.0
2  60.0
2  60.0
2  120.0
1  120.0
1  120.0
1  120.0
1  60.0
2  0.0
1  120.0
2  60.0
1  60.0
1  60.0
1  600.0
2  120.0
1  120.0
1  120.0
1  120.0
1  0.0
2  0.0
2  0.0
1  0.0
2  0.0
1  0.0
2  0.0
1  0.0
2  60.0
1  60.0
1  60.0
1  0.0
2  0.0
1  0.0
1  0.0
1  0.0
2  60.0
1  60.0
1  0.0
2  0.0
2  60.0
1  60.0
1  0.0
2  0.0
2  60.0
1  60.0
1  60.0
1  120.0
2  120.0
2  0.0
1  60.0
2  60.0
1  0.0
2  0.0
2  0.0
1  0.0
1  0.0
1  0.0
1  0.0
2  60.0
1  300.0
2  300.0
2  300.0
2  60.0
1  60.0
1  60.0
1  300.0
2  300.0
2  180.0
1  180.0
1  0.0
2  60.0
1  0.0
2  0.0
1  0.0
2  0.0
2  10920.0
1  10920.0
1  228480.0
2  228480.0
2  228480.0
2  17220.0
1  68280.0
2  68280.0
2  780.0
1  780.0
1  780.0
1  780.0
1  780.0
1  780.0
