1  60.0
2  0.0
1  60.0
2  0.0
1  5250840.0
2  0.0
1  0.0
2  0.0
1  0.0
2  0.0
1  60.0
2  0.0
1  0.0
2  0.0
1  0.0
2  0.0
1  0.0
2  0.0
1  0.0
2  0.0
1  0.0
2  0.0
1  0.0
2  0.0
1  0.0
2  0.0
1  0.0
2  0.0
1  0.0
2  0.0
1  0.0
2  0.0
1  0.0
2  0.0
1  0.0
2  0.0
1  60.0
2  0.0
1  60.0
2  0.0
1  0.0
2  0.0
1  0.0
2  0.0
1  60.0
2  0.0
1  0.0
2  0.0
1  0.0
2  0.0
1  0.0
2  0.0
1  60.0
2  0.0
1  0.0
2  0.0
1  0.0
2  0.0
1  0.0
2  0.0
1  0.0
2  60.0
1  0.0
2  0.0
1  60.0
2  0.0
1  300.0
2  0.0
1  60.0
2  0.0
1  0.0
2  0.0
1  0.0
2  0.0
1  60.0
2  0.0
1  0.0
2  0.0
1  0.0
2  0.0
1  0.0
2  0.0
1  0.0
2  0.0
1  0.0
2  0.0
1  0.0
2  0.0
1  0.0
2  0.0
1  0.0
2  0.0
1  0.0
2  0.0
1  0.0
2  297780.0
1  60.0
2  0.0
1  0.0
2  0.0
1  0.0
2  0.0
1  0.0
2  0.0
1  0.0
2  0.0
1  120.0
2  0.0
1  0.0
2  0.0
1  0.0
2  0.0
1  60.0
2  0.0
1  0.0
2  0.0
1  0.0
2  0.0
1  0.0
2  0.0
1  0.0
2  60.0
1  0.0
2  0.0
1  0.0
2  0.0
1  0.0
2  0.0
1  0.0
2  0.0
1  0.0
2  60.0
1  0.0
2  0.0
1  0.0
2  0.0
1  0.0
2  0.0
1  120.0
2  0.0
1  0.0
2  0.0
1  0.0
2  0.0
1  0.0
2  0.0
1  0.0
2  0.0
1  60.0
2  0.0
1  0.0
2  0.0
1  0.0
2  0.0
1  0.0
2  0.0
1  0.0
2  0.0
1  0.0
2  0.0
1  0.0
2  0.0
1  0.0
2  60.0
1  7860.0
2  0.0
1  60.0
2  0.0
1  0.0
2  0.0
1  60.0
2  0.0
1  120.0
2  0.0
1  0.0
2  0.0
1  0.0
2  0.0
1  0.0
2  0.0
1  0.0
2  0.0
1  60.0
2  0.0
1  0.0
2  60.0
1  0.0
2  0.0
1  0.0
2  0.0
1  0.0
2  0.0
1  0.0
2  0.0
1  0.0
2  0.0
1  0.0
2  0.0
1  0.0
2  0.0
1  0.0
2  0.0
1  60.0
2  0.0
1  60.0
2  0.0
1  0.0
2  0.0
1  60.0
2  0.0
1  0.0
2  0.0
1  0.0
2  0.0
1  0.0
2  0.0
1  0.0
2  0.0
1  0.0
2  0.0
1  0.0
2  0.0
1  0.0
2  60.0
1  0.0
2  180.0
1  0.0
2  0.0
1  0.0
2  0.0
1  0.0
2  0.0
1  60.0
2  0.0
1  0.0
2  0.0
1  0.0
2  0.0
1  0.0
2  0.0
1  0.0
2  0.0
1  0.0
2  0.0
1  0.0
2  0.0
1  0.0
2  0.0
1  0.0
2  60.0
1  0.0
2  0.0
1  0.0
2  0.0
1  0.0
2  0.0
1  0.0
2  240.0
1  0.0
2  0.0
1  0.0
2  0.0
1  0.0
2  0.0
1  0.0
2  401220.0
1  103800.0
2  60.0
1  0.0
2  0.0
