0 0
2 1.66666666667
3 2.8
4 0.0714285714286
5 2.0
6 0.5
7 4.0
8 1.0
9 2.25
10 0.333333333333
11 0.666666666667
12 3.0
13 0.166666666667
14 4.0
15 0.25
16 2.0
17 1.5
18 1.33333333333
19 0.5
20 2.0
21 0.5
22 2.0
23 1.75
24 0.142857142857
25 9.0
26 1.0
27 0.777777777778
28 0.571428571429
29 0.75
30 3.33333333333
31 0.2
32 1.5
33 0.666666666667
34 0.5
35 5.0
36 0.8
37 0.5
38 3.0
39 0.166666666667
40 7.0
41 1.0
42 0.714285714286
43 0.2
44 8.0
45 1.5
46 0.0833333333333
47 10.0
48 0.1
49 1.0
50 19.0
51 0.0526315789474
52 4.0
53 0.25
54 5.0
55 0.4
56 11.5
57 0.304347826087
58 0.142857142857
59 9.0
60 0.555555555556
61 1.8
62 0.444444444444
63 1.5
64 0.666666666667
65 0.75
66 0.666666666667
67 3.0
68 1.33333333333
69 0.5
70 0.75
71 2.0
72 0.333333333333
73 1.0
74 2.5
75 0.6
76 3.0
77 0.333333333333
78 0.333333333333
79 8.0
80 0.5
81 1.25
82 0.6
83 2.0
84 1.33333333333
85 1.25
86 0.7
87 0.571428571429
88 0.25
89 1.0
90 6.0
91 0.166666666667
92 6.0
93 1.33333333333
94 0.5
95 2.25
96 0.444444444444
97 1.5
98 0.5
99 0.666666666667
100 2.5
101 0.2
102 4.0
103 0.5
104 3.5
105 0.571428571429
106 0.75
107 1.33333333333
108 0.5
109 2.0
110 0.75
111 1.0
112 1.66666666667
113 0.0
113 0
115 2.0
116 0.5
117 0.0
117 0
119 3.0
120 1.33333333333
121 1.5
122 0.333333333333
123 0.5
124 4.0
125 0.25
126 6.0
127 0.833333333333
128 0.2
129 8.0
130 1.875
131 0.2
132 2.33333333333
133 0.142857142857
134 2.0
135 1.5
136 0.666666666667
137 1.5
138 1.0
139 2.0
140 1.16666666667
141 0.714285714286
142 0.2
143 1.0
144 5.0
145 0.2
146 6.0
147 1.0
148 0.5
149 2.66666666667
150 0.875
151 2.42857142857
152 0.352941176471
153 0.5
154 3.0
155 0.777777777778
156 1.42857142857
157 0.4
158 2.75
159 0.818181818182
160 0.777777777778
161 0.857142857143
162 0.833333333333
163 0.6
164 1.66666666667
165 0.8
166 0.5
167 1.0
168 2.0
169 0.75
170 0.333333333333
171 5.0
172 0.2
173 9.0
174 0.111111111111
175 4.0
176 3.5
177 0.142857142857
178 1.0
179 2.0
180 1.25
181 0.4
182 1.0
183 2.5
184 0.4
185 2.0
186 3.0
187 0.166666666667
188 2.5
189 0.6
190 2.66666666667
191 0.625
192 0.4
193 1.0
194 5.0
195 0.7
196 0.428571428571
197 0.333333333333
198 2.0
199 1.5
200 0.666666666667
201 2.0
202 0.5
203 3.5
204 0.142857142857
205 3.0
206 0.333333333333
207 5.0
208 0.2
209 1.0
210 6.0
211 1.16666666667
212 0.571428571429
213 1.5
214 0.5
215 1.0
216 0.666666666667
217 2.5
218 0.2
219 1.0
220 17.0
221 0.0588235294118
222 3.0
223 1.66666666667
224 0.6
225 0.333333333333
226 5.0
227 1.0
228 0.6
229 0.333333333333
230 1.0
231 4.0
232 1.0
233 2.0
234 1.375
235 0.363636363636
236 0.0
236 0
238 0.444444444444
239 0.25
240 2.0
241 0.5
242 8.0
243 0.125
244 6.0
245 0.0
245 0
247 0.166666666667
248 7.0
249 0.714285714286
250 0.2
251 10.0
252 0.1
253 3.0
254 2.0
255 0.5
256 3.0
257 0.777777777778
258 1.42857142857
259 1.2
260 0.333333333333
261 1.25
262 0.6
263 3.33333333333
264 0.5
265 0.6
266 0.333333333333
267 10.0
268 1.0
269 0.3
270 1.66666666667
