0 0
2 3.0
3 1.0
4 0.666666666667
5 1.0
6 2.5
7 1.0
8 1.0
9 1.4
10 0.428571428571
11 2.0
12 1.16666666667
13 0.142857142857
14 6.0
15 1.16666666667
16 0.714285714286
17 2.2
18 0.363636363636
19 3.0
20 0.25
21 3.33333333333
22 0.7
23 0.571428571429
24 3.25
25 0.153846153846
26 3.5
27 0.857142857143
28 3.33333333333
29 0.25
30 0.6
31 1.0
32 4.33333333333
33 1.23076923077
34 0.0625
35 8.0
36 0.125
37 7.0
38 1.0
39 0.142857142857
40 8.0
41 0.875
42 1.85714285714
43 0.307692307692
44 0.5
45 0.5
46 2.0
47 3.0
48 1.66666666667
49 0.2
50 1.5
51 2.33333333333
52 1.42857142857
53 0.4
54 0.25
55 2.0
56 0.5
57 3.0
58 1.0
59 0.666666666667
60 4.5
61 0.777777777778
62 0.857142857143
63 0.5
64 3.0
65 0.777777777778
66 0.142857142857
67 3.0
68 0.333333333333
69 6.0
70 1.0
71 0.666666666667
72 2.0
73 0.125
74 5.0
75 1.8
76 0.777777777778
77 0.285714285714
78 2.0
79 0.5
80 2.0
81 0.5
82 3.5
83 1.0
84 0.142857142857
85 11.0
86 1.27272727273
87 0.642857142857
88 1.33333333333
89 0.666666666667
90 2.375
91 1.05263157895
92 0.4
93 0.75
94 0.833333333333
95 1.4
96 0.571428571429
97 2.0
98 1.375
99 0.636363636364
100 0.714285714286
101 0.8
102 0.75
103 4.0
104 0.5
105 0.833333333333
106 1.2
107 1.16666666667
108 0.285714285714
109 7.0
110 0.928571428571
111 0.0769230769231
112 6.0
113 0.166666666667
114 8.0
115 0.5
116 0.75
117 2.33333333333
118 1.0
119 0.142857142857
120 9.0
121 0.666666666667
122 1.83333333333
123 0.0909090909091
124 1.0
125 5.0
126 1.2
127 1.16666666667
128 0.285714285714
129 4.0
130 0.375
131 1.33333333333
132 1.0
133 0.25
134 7.0
135 2.28571428571
136 0.375
137 0.833333333333
138 0.2
139 1.0
140 2.0
141 2.5
142 1.0
143 0.6
144 0.333333333333
145 5.0
146 1.0
147 2.4
148 0.5
149 1.0
150 0.166666666667
151 2.0
152 2.5
153 0.6
