1  0
1  12448200.0
2  12448200.0
2  12448200.0
2  5460.0
1  16860.0
2  180.0
1  180.0
1  180.0
1  1260.0
2  660.0
1  660.0
1  660.0
1  60.0
2  60.0
2  60.0
2  60.0
1  3720.0
2  3720.0
2  1920.0
1  1920.0
1  1560.0
2  540.0
1  540.0
1  60.0
2  60.0
2  60.0
1  60.0
1  60.0
1  60.0
1  60.0
1  0.0
2  60.0
1  60.0
1  0.0
2  0.0
1  0.0
1  0.0
1  0.0
1  0.0
1  0.0
2  0.0
2  0.0
1  60.0
2  60.0
2  0.0
1  0.0
1  0.0
1  60.0
2  0.0
1  0.0
2  0.0
2  0.0
1  0.0
1  0.0
1  0.0
1  0.0
1  0.0
1  0.0
1  0.0
2  0.0
2  0.0
1  0.0
1  0.0
1  0.0
1  0.0
1  0.0
1  0.0
1  0.0
1  0.0
1  0.0
2  0.0
2  60.0
1  60.0
1  0.0
2  0.0
2  0.0
1  0.0
1  0.0
1  0.0
2  0.0
2  0.0
2  60.0
1  60.0
1  60.0
1  60.0
1  0.0
2  120.0
1  60.0
2  0.0
1  0.0
1  0.0
1  0.0
2  120.0
1  0.0
2  0.0
2  0.0
1  0.0
2  60.0
1  60.0
1  60.0
1  60.0
1  60.0
1  180.0
2  3060.0
1  3060.0
1  3060.0
1  120.0
2  120.0
2  120.0
2  0.0
1  0.0
2  0.0
2  60.0
1  60.0
1  60.0
1  60.0
1  0.0
2  0.0
2  60.0
1  60.0
1  0.0
2  0.0
2  0.0
1  0.0
1  0.0
1  0.0
1  0.0
1  0.0
1  0.0
2  60.0
1  0.0
2  0.0
1  0.0
2  60.0
1  60.0
1  0.0
2  0.0
1  0.0
1  60.0
2  0.0
1  0.0
1  60.0
2  60.0
1  60.0
1  0.0
2  0.0
2  0.0
1  0.0
1  60.0
2  60.0
2  60.0
2  0.0
1  0.0
1  0.0
2  0.0
1  0.0
2  60.0
1  60.0
1  60.0
1  60.0
1  0.0
2  0.0
1  0.0
2  0.0
2  60.0
1  0.0
2  0.0
1  0.0
1  0.0
1  0.0
1  0.0
2  60.0
1  60.0
1  60.0
2  5400.0
1  42120.0
2  88260.0
1  1440.0
2  60.0
1  60.0
1  0.0
2  60.0
1  60.0
1  60.0
1  0.0
2  0.0
2  60.0
1  60.0
1  0.0
2  60.0
1  60.0
1  0.0
2  0.0
2  0.0
1  0.0
1  0.0
1  60.0
2  0.0
1  0.0
1  0.0
1  60.0
2  60.0
1  60.0
1  60.0
1  0.0
2  60.0
1  0.0
2  0.0
1  0.0
1  60.0
2  60.0
2  60.0
1  0.0
2  120.0
1  420.0
2  420.0
2  420.0
2  840.0
1  840.0
1  840.0
1  840.0
1  3420.0
2  3420.0
2  780.0
1  780.0
1  780.0
1  780.0
1  780.0
1  4800.0
2  4800.0
2  4800.0
2  4800.0
2  4800.0
2  780.0
1  780.0
1  780.0
1  780.0
1  960.0
2  960.0
2  960.0
2  960.0
2  960.0
2  780.0
1  780.0
1  780.0
1  780.0
1  780.0
1  780.0
1  780.0
1  780.0
1  480.0
2  480.0
2  480.0
2  120.0
1  120.0
1  60.0
2  60.0
2  60.0
2  60.0
2  60.0
2  0.0
1  0.0
1  60.0
2  60.0
2  60.0
2  0.0
1  0.0
2  0.0
1  0.0
1  0.0
2  0.0
1  0.0
1  0.0
1  0.0
1  0.0
2  0.0
1  0.0
1  0.0
2  0.0
2  0.0
2  60.0
1  60.0
1  60.0
1  60.0
2  0.0
1  0.0
2  0.0
1  0.0
1  0.0
1  0.0
2  0.0
1  0.0
1  0.0
1  0.0
1  0.0
1  0.0
1  0.0
2  0.0
2  60.0
1  60.0
1  0.0
2  0.0
1  0.0
1  0.0
2  0.0
1  0.0
1  0.0
1  0.0
1  0.0
2  0.0
2  0.0
1  0.0
1  0.0
2  60.0
1  60.0
1  60.0
1  60.0
1  60.0
1  0.0
2  0.0
1  0.0
1  0.0
2  0.0
1  0.0
1  0.0
1  0.0
2  0.0
2  60.0
1  60.0
1  60.0
1  60.0
1  0.0
2  0.0
2  60.0
1  60.0
1  60.0
1  60.0
1  60.0
1  0.0
2  60.0
1  60.0
1  0.0
2  0.0
2  0.0
1  60.0
2  0.0
1  0.0
1  0.0
2  60.0
1  60.0
1  60.0
2  0.0
1  0.0
1  0.0
1  0.0
1  0.0
1  0.0
2  0.0
1  0.0
1  0.0
2  0.0
2  60.0
1  60.0
1  60.0
1  60.0
1  31860.0
2  16620.0
1  16620.0
1  16620.0
1  16620.0
1  16620.0
1  7680.0
2  426240.0
1  426240.0
1  93960.0
2  15960.0
1  15960.0
1  36000.0
2  36000.0
2  1260.0
1  1260.0
1  1260.0
1  1260.0
1  1260.0
1  600.0
2  600.0
2  60.0
1  60.0
1  60.0
1  60.0
1  60.0
1  60.0
1  60.0
1  0.0
2  120.0
1  120.0
1  60.0
2  60.0
2  60.0
2  0.0
1  0.0
1  60000.0
2  60000.0
2  16980.0
1  240.0
2  120.0
1  420.0
