12448200.0
12448200.0
5460.0
180.0
660.0
60.0
60.0
60.0
3720.0
1920.0
540.0
60.0
60.0
60.0
0.0
0.0
0.0
60.0
0.0
0.0
0.0
0.0
0.0
0.0
0.0
60.0
0.0
0.0
0.0
0.0
60.0
120.0
0.0
120.0
0.0
0.0
60.0
3060.0
120.0
120.0
0.0
0.0
60.0
0.0
60.0
0.0
0.0
60.0
0.0
60.0
0.0
0.0
60.0
0.0
0.0
60.0
60.0
0.0
0.0
60.0
0.0
0.0
60.0
0.0
60.0
5400.0
88260.0
60.0
60.0
0.0
60.0
60.0
0.0
0.0
0.0
60.0
60.0
0.0
60.0
60.0
120.0
420.0
420.0
840.0
3420.0
780.0
4800.0
4800.0
4800.0
4800.0
780.0
960.0
960.0
960.0
960.0
780.0
480.0
480.0
120.0
60.0
60.0
60.0
60.0
0.0
60.0
60.0
0.0
0.0
0.0
0.0
0.0
0.0
60.0
0.0
0.0
0.0
0.0
60.0
0.0
0.0
0.0
0.0
60.0
0.0
0.0
0.0
60.0
0.0
60.0
60.0
0.0
0.0
0.0
60.0
0.0
0.0
0.0
60.0
16620.0
426240.0
15960.0
36000.0
1260.0
600.0
60.0
120.0
60.0
60.0
0.0
60000.0
16980.0
120.0
