0 0
1 1
2 1
3 0
4 0
5 0
6 0
7 0
8 2
9 0
10 0
11 1
12 0
13 0
14 0
15 0
16 0
17 0
18 0
19 0
20 0
21 0
22 1
23 0
24 2
25 1
26 1
27 0
28 0
29 1
30 1
31 1
32 0
33 0
34 1
35 0
36 0
37 0
38 0
39 1
40 1
41 0
42 0
43 0
44 3
45 0
46 1
47 0
48 0
49 2
50 0
51 0
52 0
53 1
54 0
55 2
56 2
57 0
58 1
59 0
60 0
61 0
62 0
63 0
64 0
65 0
66 1
67 1
68 0
69 0
70 0
71 0
72 0
73 0
74 0
75 1
76 0
77 0
78 1
79 0
80 0
81 0
82 0
83 2
84 2
85 0
86 0
87 0
88 0
89 2
90 0
91 1
92 2
93 1
94 1
95 0
96 0
97 1
98 0
99 0
100 0
101 1
102 1
103 1
104 1
105 0
106 0
107 0
108 0
109 0
110 0
111 0
112 0
113 0
114 0
115 0
116 0
117 0
118 0
119 0
120 1
121 0
122 0
123 0
124 0
125 0
126 0
127 0
128 1
129 0
130 0
131 0
132 0
133 0
134 0
135 0
136 0
137 0
138 1
139 1
140 1
141 0
142 0
143 0
144 0
145 0
146 1
147 0
148 1
149 1
150 2
151 0
152 0
153 2
154 2
155 0
156 0
157 0
158 0
159 0
160 0
161 0
162 0
163 2
164 0
165 0
166 0
167 1
168 0
169 0
170 0
171 0
172 1
173 0
174 0
175 3
176 0
177 0
178 0
179 0
180 0
181 0
182 0
183 0
184 0
185 2
186 0
187 2
188 0
189 2
190 0
191 0
192 0
193 0
194 1
195 0
196 0
197 0
198 1
199 1
200 0
201 0
202 1
203 0
204 0
205 0
206 0
207 0
208 0
209 0
210 0
211 0
212 0
213 1
214 0
215 0
216 0
217 0
218 0
219 2
220 0
221 0
222 1
223 1
224 0
225 0
226 1
227 1
228 0
229 0
230 0
231 0
232 0
233 0
234 0
235 0
236 0
237 0
238 0
239 0
240 0
241 0
242 0
243 2
244 0
245 0
246 0
247 1
248 0
249 0
250 4
251 0
252 0
253 0
254 1
255 1
256 0
257 0
258 1
259 0
260 0
261 1
262 1
263 0
264 1
265 0
266 0
267 0
268 0
269 0
