1  12481200.0
2  0.0
1  0.0
2  0.0
1  0.0
2  0.0
1  0.0
2  0.0
1  0.0
2  91860.0
1  0.0
2  0.0
1  0.0
2  0.0
1  180.0
2  0.0
1  0.0
2  0.0
1  60.0
2  60.0
1  0.0
2  0.0
1  0.0
2  0.0
1  0.0
2  0.0
1  60.0
2  60.0
1  60.0
2  60.0
1  0.0
2  120.0
1  60.0
2  0.0
1  0.0
2  0.0
1  0.0
2  0.0
1  60.0
2  0.0
1  0.0
2  0.0
1  0.0
2  0.0
1  0.0
2  0.0
1  60.0
2  0.0
1  0.0
2  60.0
1  60.0
2  60.0
1  60.0
2  0.0
1  60.0
2  0.0
1  0.0
2  0.0
1  0.0
2  0.0
1  0.0
2  0.0
1  0.0
2  0.0
1  0.0
2  0.0
1  0.0
2  0.0
1  0.0
2  0.0
1  0.0
2  0.0
1  0.0
2  0.0
1  0.0
2  0.0
1  0.0
2  0.0
1  0.0
2  0.0
1  0.0
2  0.0
1  0.0
2  0.0
1  0.0
2  0.0
1  0.0
2  0.0
1  0.0
2  0.0
1  0.0
2  0.0
1  0.0
2  0.0
1  0.0
2  60.0
1  60.0
2  0.0
1  60.0
2  0.0
1  0.0
2  0.0
1  0.0
2  0.0
1  0.0
2  0.0
1  0.0
2  0.0
1  0.0
2  120.0
1  0.0
2  120.0
1  60.0
2  60.0
1  60.0
2  120.0
1  240.0
2  60.0
1  0.0
2  60.0
1  0.0
2  0.0
1  0.0
2  0.0
1  0.0
2  0.0
1  60.0
2  0.0
1  0.0
2  60.0
1  0.0
2  0.0
1  0.0
2  0.0
1  0.0
2  0.0
1  60.0
2  0.0
1  0.0
2  0.0
1  0.0
2  0.0
1  60.0
2  0.0
1  0.0
2  0.0
1  0.0
2  0.0
1  0.0
2  0.0
1  60.0
2  0.0
1  0.0
2  0.0
1  0.0
2  0.0
1  0.0
2  0.0
1  0.0
2  0.0
1  0.0
2  0.0
1  0.0
2  0.0
1  60.0
2  0.0
1  0.0
2  0.0
1  154740.0
2  0.0
1  308580.0
2  0.0
1  0.0
2  0.0
1  0.0
2  21360.0
1  4740.0
2  0.0
1  60.0
2  0.0
1  0.0
2  60.0
1  212400.0
2  48780.0
1  0.0
2  0.0
1  0.0
