0 0
2 4.0
3 0.25
4 4.0
5 0.25
6 1.0
7 1.0
8 4.0
9 0.25
10 2.0
11 0.5
12 1.0
13 3.0
14 0.333333333333
15 3.0
16 0.666666666667
17 0.5
18 7.0
19 0.142857142857
20 2.0
21 0.5
22 1.0
23 2.0
24 2.5
25 0.2
26 7.0
27 0.285714285714
28 0.5
29 1.0
30 5.0
31 0.8
32 1.0
33 1.25
34 0.6
35 2.33333333333
36 0.142857142857
37 6.0
38 0.666666666667
39 0.25
40 1.0
41 7.0
42 0.142857142857
43 5.0
44 1.4
45 0.142857142857
46 8.0
47 0.5
48 0.5
49 1.5
50 1.66666666667
51 1.8
52 0.555555555556
53 1.2
54 0.666666666667
55 0.25
56 3.0
57 2.33333333333
58 0.285714285714
59 2.0
60 0.75
61 0.333333333333
62 4.0
63 0.75
64 5.0
65 0.0666666666667
66 2.0
67 1.5
68 1.0
69 2.0
70 0.166666666667
71 2.0
72 0.5
73 4.0
74 0.5
75 1.0
76 0.5
77 9.0
78 0.888888888889
79 0.125
80 1.0
81 5.0
82 0.2
83 1.0
84 3.0
85 1.33333333333
86 0.25
87 4.0
88 1.5
89 0.5
90 0.333333333333
91 1.0
92 5.0
93 1.0
94 0.6
95 2.0
96 0.833333333333
97 2.2
98 0.545454545455
99 0.166666666667
100 1.0
101 6.0
102 0.333333333333
103 1.0
104 0.5
105 3.0
106 1.0
107 2.33333333333
108 0.142857142857
109 1.0
110 10.0
111 0.1
112 2.0
113 0.5
114 1.0
115 6.0
116 0.166666666667
117 1.0
118 7.0
119 0.428571428571
120 0.333333333333
121 1.0
122 1.0
123 1.0
124 2.0
125 0.5
126 3.0
127 0.666666666667
128 0.5
129 6.0
130 8.5
131 0.0196078431373
132 7.0
133 0.285714285714
134 0.5
135 2.0
136 1.0
137 0.5
138 6.0
139 0.666666666667
140 0.25
141 1.0
142 1.0
143 8.0
144 0.125
145 1.0
146 2.0
147 1.0
148 3.0
149 1.16666666667
150 1.0
151 0.142857142857
152 4.0
153 0.25
154 1.0
155 3.0
156 1.33333333333
157 0.25
158 2.0
159 0.5
160 1.0
161 5.0
162 0.4
163 0.5
164 2.0
165 2.5
166 0.8
167 0.5
168 1.0
169 0.5
170 2.0
171 1.0
172 0.5
173 10.0
174 0.1
175 3.0
176 0.666666666667
177 2.5
178 0.2
179 4.0
180 1.0
181 1.5
182 1.33333333333
183 0.75
184 0.833333333333
185 0.2
186 1.0
187 7.0
188 0.142857142857
189 2.0
190 1.5
191 1.66666666667
192 0.4
193 1.0
194 1.5
195 0.666666666667
196 0.5
197 4.0
198 0.5
199 0.5
200 4.0
201 1.0
202 0.25
203 5.0
204 0.2
205 5.0
206 4.6
207 0.608695652174
208 0.785714285714
209 0.636363636364
210 0.571428571429
211 1.25
212 0.2
213 5.0
214 0.4
215 0.0
215 0
217 1.0
218 5.0
219 0.733333333333
220 0.0909090909091
221 3.0
222 2.66666666667
223 0.625
224 2.0
225 0.0
225 0
227 0.666666666667
228 0.0
228 0
230 0.0
230 0
232 0.0
232 0
234 0.0
234 0
236 0.0
236 0
238 0.0
238 0
240 0.0
240 0
242 0.0
242 0
244 0.0
244 0
246 0.0
246 0
248 0.0
248 0
250 0.0
250 0
252 0.0
252 0
254 6.35714285714
255 0.0
255 0
257 1.5
258 1.33333333333
259 1.25
260 1.2
261 1.0
262 0.833333333333
263 0.8
264 0.75
265 0.666666666667
266 0.75
267 1.33333333333
268 1.5
269 1.33333333333
270 1.25
271 1.2
272 1.0
273 0.833333333333
274 0.8
275 0.75
276 0.666666666667
277 0.75
278 1.33333333333
279 1.5
280 1.33333333333
281 1.25
282 1.2
283 1.0
284 0.833333333333
285 0.8
286 0.75
287 0.666666666667
288 0.75
289 1.33333333333
290 1.5
291 1.33333333333
292 1.25
293 1.2
294 1.0
295 0.833333333333
296 0.8
297 0.75
298 0.666666666667
299 0.75
300 1.66666666667
301 1.2
302 1.33333333333
303 1.25
304 1.2
305 1.0
306 0.833333333333
307 0.8
308 0.75
309 0.666666666667
310 0.75
311 1.33333333333
312 1.5
313 1.33333333333
314 1.25
315 1.2
316 1.0
317 0.833333333333
318 0.8
319 0.75
320 0.666666666667
321 0.75
322 1.33333333333
323 1.5
324 1.33333333333
325 1.25
326 1.2
327 1.0
328 0.833333333333
329 0.8
330 0.75
331 0.666666666667
332 0.75
333 1.33333333333
334 1.5
335 1.33333333333
336 1.25
337 1.2
338 1.0
339 0.833333333333
340 0.8
341 0.75
342 0.666666666667
343 0.75
344 1.33333333333
345 1.5
346 1.33333333333
347 1.25
348 1.2
349 1.0
350 0.833333333333
351 0.8
352 0.75
353 0.666666666667
354 0.75
355 1.33333333333
356 1.5
357 1.33333333333
358 1.25
359 1.2
360 1.0
361 0.833333333333
362 0.8
363 0.75
364 0.666666666667
365 0.75
366 1.33333333333
367 1.5
368 1.33333333333
369 1.25
370 1.2
371 1.0
372 0.833333333333
373 0.8
374 0.75
375 0.666666666667
376 0.75
377 1.33333333333
378 1.5
379 1.33333333333
380 1.25
381 1.2
382 1.0
383 0.833333333333
384 0.8
385 0.75
386 0.666666666667
387 0.75
388 1.33333333333
389 1.5
390 1.33333333333
391 1.25
392 1.2
393 1.0
394 0.833333333333
395 0.8
396 0.75
397 0.666666666667
398 0.75
399 1.33333333333
400 1.5
401 1.33333333333
402 1.25
403 1.2
404 1.0
405 0.833333333333
406 0.8
407 0.75
408 0.666666666667
409 0.75
410 1.33333333333
411 1.5
412 1.33333333333
413 1.25
414 1.2
415 1.0
416 0.833333333333
417 0.8
418 0.75
419 0.666666666667
420 0.75
421 1.33333333333
422 1.5
423 1.33333333333
424 1.25
425 1.2
426 1.0
427 0.833333333333
428 0.8
429 0.75
430 0.666666666667
431 0.75
432 1.33333333333
433 1.5
434 1.33333333333
435 1.25
436 1.2
437 1.0
438 0.833333333333
439 0.8
440 0.75
441 0.666666666667
442 0.75
443 1.33333333333
444 1.5
445 1.33333333333
446 1.25
447 1.2
448 1.0
449 0.833333333333
450 0.8
451 0.75
452 0.666666666667
453 0.75
454 1.33333333333
455 1.5
456 1.33333333333
457 1.25
458 1.2
459 1.0
460 0.833333333333
461 0.8
462 0.75
463 0.666666666667
464 0.75
465 1.33333333333
466 1.5
467 1.33333333333
468 1.25
469 1.2
470 1.0
471 0.833333333333
472 0.8
473 0.75
474 0.666666666667
475 0.75
476 1.33333333333
477 1.5
478 1.33333333333
479 1.75
