0 0
2 5.0
3 0.6
4 2.66666666667
5 0.125
6 5.0
7 0.6
8 1.66666666667
9 0.6
10 1.0
11 2.33333333333
12 0.857142857143
13 0.166666666667
14 6.0
15 1.0
16 1.0
17 1.33333333333
18 0.75
19 1.0
20 0.166666666667
21 1.0
22 2.0
23 3.0
24 1.33333333333
25 0.625
26 1.4
27 0.714285714286
28 2.6
29 0.384615384615
30 2.0
31 0.3
32 1.0
33 0.333333333333
34 9.0
35 1.0
36 0.111111111111
37 6.0
38 0.166666666667
39 4.0
40 1.5
41 0.166666666667
42 3.0
43 0.333333333333
44 2.0
45 3.5
46 1.0
47 1.42857142857
48 0.6
49 1.16666666667
50 1.57142857143
51 0.727272727273
52 0.125
53 4.0
54 1.5
55 0.333333333333
56 1.5
57 0.333333333333
58 9.0
59 0.555555555556
60 2.2
61 0.181818181818
62 4.5
63 0.111111111111
64 3.0
65 0.333333333333
66 7.0
67 0.142857142857
68 4.0
69 1.25
70 1.4
71 0.428571428571
72 2.33333333333
73 0.142857142857
74 5.0
75 1.4
76 1.28571428571
77 0.555555555556
78 0.6
79 1.33333333333
80 1.0
81 1.5
82 0.5
83 1.33333333333
84 0.25
85 3.0
86 2.66666666667
87 0.125
88 3.0
89 1.66666666667
90 0.2
91 4.0
92 2.0
93 0.375
94 2.33333333333
95 1.28571428571
96 0.666666666667
97 0.166666666667
98 8.0
99 0.875
100 0.142857142857
101 2.0
102 2.5
103 2.6
104 0.0769230769231
105 9.0
106 0.111111111111
107 3.0
108 2.0
109 0.166666666667
110 3.0
111 2.66666666667
112 0.125
113 4.0
114 0.75
115 0.666666666667
116 0.5
117 4.0
118 1.0
119 1.75
120 0.571428571429
121 0.25
122 1.0
123 1.0
124 1.0
125 4.0
126 1.0
127 1.75
128 0.571428571429
129 0.25
130 3.0
131 2.66666666667
132 1.0
133 0.5
134 0.75
135 1.33333333333
136 2.5
137 0.1
138 4.0
139 3.75
140 0.0666666666667
141 1.0
142 1.0
143 3.0
144 2.0
145 0.833333333333
146 0.2
147 8.0
148 0.25
149 0.5
150 6.0
151 0.666666666667
152 0.75
153 0.666666666667
154 4.5
155 0.666666666667
156 1.0
157 1.33333333333
158 0.5
159 0.5
160 1.0
161 0.5
162 9.0
163 0.555555555556
164 1.6
165 0.875
166 0.428571428571
167 2.66666666667
168 0.5
169 1.75
170 0.428571428571
171 2.0
172 0.333333333333
173 0.5
174 6.0
175 0.833333333333
176 1.4
177 1.0
178 0.714285714286
179 1.2
180 0.333333333333
181 2.5
182 0.2
183 3.0
184 1.66666666667
185 0.6
186 2.33333333333
187 0.285714285714
188 1.5
189 0.666666666667
190 0.5
191 6.0
192 0.666666666667
193 1.5
194 0.333333333333
195 4.0
196 0.75
197 1.33333333333
198 0.5
199 1.75
200 1.71428571429
201 0.333333333333
202 1.75
203 0.857142857143
204 0.666666666667
205 1.25
206 1.2
207 0.333333333333
208 1.5
209 1.33333333333
210 1.25
211 0.2
212 3.0
213 0.333333333333
214 6.0
215 0.333333333333
216 3.5
217 0.714285714286
