1  146.0
2  319.0
1  452.0
2  99747.0
1  433.0
2  341.0
1  39.0
2  8.0
1  2.0
2  552541.0
1  21675.0
2  53644.0
1  86.0
2  740.0
1  60.0
2  22.0
1  342.0
2  62.0
1  39.0
2  43315.0
1  1774.0
2  619.0
1  38.0
2  1719.0
1  5526.0
2  8170.0
1  8815.0
2  60.0
1  27.0
2  272.0
1  68.0
2  110.0
1  11.0
2  6.0
1  14.0
2  0.0
1  5.0
2  47.0
1  12.0
2  1.0
1  8.0
2  14.0
1  2.0
2  20.0
1  15.0
2  83.0
1  25.0
2  90.0
1  28.0
2  33.0
1  27.0
2  25.0
1  40.0
2  54104.0
1  145.0
2  35955.0
1  122.0
2  211.0
1  72.0
2  121.0
1  68.0
2  49.0
1  63.0
2  2.0
1  3.0
2  14.0
1  1.0
2  10.0
1  28.0
2  6.0
1  9.0
2  6.0
1  47.0
2  26.0
1  11.0
2  14.0
1  2.0
2  5.0
1  16.0
2  1.0
1  25.0
2  36.0
1  20.0
2  508.0
1  47.0
2  1.0
1  32.0
2  12.0
1  62.0
2  1601.0
1  251.0
2  106.0
1  16.0
2  3.0
1  11.0
2  3.0
1  14.0
2  4.0
1  1.0
2  5.0
1  23.0
2  1.0
1  11.0
2  8.0
1  23.0
2  18.0
1  40.0
2  85.0
1  44.0
2  66.0
1  56.0
2  109.0
1  93.0
2  2501.0
1  73.0
2  16.0
1  30.0
2  2.0
1  23.0
2  23.0
1  133920.0
2  37766.0
1  1018.0
2  1850136.0
1  364.0
2  392125.0
1  27755.0
2  1142168.0
1  1862.0
2  115.0
1  613.0
2  143.0
1  62.0
2  97.0
1  81.0
2  858242.0
1  2177.0
2  20074.0
1  34.0
2  44.0
1  135.0
2  1878227.0
1  21589.0
2  75682.0
1  14492.0
2  16207.0
1  1771.0
2  940175.0
1  35712.0
2  168395.0
1  306.0
2  246.0
1  324.0
2  61.0
1  57.0
2  145.0
1  138.0
2  77.0
1  42.0
2  58.0
1  350.0
2  286.0
1  449.0
2  1112048.0
1  49525.0
2  78289.0
1  3481.0
2  98597.0
1  74.0
2  46.0
1  12.0
2  73.0
1  10072.0
