0 0
2 0.375
3 0.333333333333
4 2.0
5 0.5
6 3.0
7 0.666666666667
8 0.5
9 4.0
10 0.5
11 2.0
12 1.25
13 0.2
14 6.0
15 0.166666666667
16 2.0
17 0.5
18 1.0
19 1.0
20 8.0
21 0.625
22 0.8
23 1.0
24 0.5
25 3.0
26 1.0
27 1.5
28 0.444444444444
29 0.75
30 1.66666666667
31 0.8
32 0.5
33 0.5
34 3.0
35 2.33333333333
36 0.571428571429
37 0.25
38 4.0
39 1.0
40 1.75
41 0.714285714286
42 1.2
43 0.333333333333
44 3.5
45 0.571428571429
46 0.25
47 7.0
48 0.285714285714
49 2.5
50 0.8
51 1.25
52 0.2
53 3.0
54 2.33333333333
55 1.14285714286
56 0.25
57 3.5
58 0.285714285714
59 0.5
60 1.0
61 1.0
62 6.0
63 0.666666666667
64 2.0
65 0.125
66 2.0
67 0.5
68 7.0
69 0.142857142857
70 2.0
71 1.0
72 1.0
73 1.0
74 6.5
75 0.384615384615
76 0.6
77 2.33333333333
78 0.571428571429
79 0.75
80 0.333333333333
81 3.0
82 2.33333333333
83 0.714285714286
84 0.2
85 2.0
86 4.0
87 1.25
88 1.0
89 0.5
90 1.2
91 1.0
92 0.166666666667
93 19.0
94 0.631578947368
95 0.75
96 2.11111111111
97 0.157894736842
98 2.0
99 1.5
100 0.555555555556
101 0.2
102 3.0
103 0.333333333333
104 4.0
105 0.25
106 3.0
