0 0
2 0.5
3 2.0
4 0.5
5 6.0
6 1.0
7 1.83333333333
8 0.0909090909091
9 3.0
10 0.333333333333
11 4.0
12 1.0
13 1.0
14 2.25
15 0.111111111111
16 18.0
17 0.5
18 1.44444444444
19 0.0769230769231
20 1.0
21 6.0
22 0.833333333333
23 1.6
24 0.5
25 0.5
26 3.5
27 1.28571428571
28 0.666666666667
29 0.833333333333
30 0.8
31 1.25
32 1.0
33 1.4
34 1.0
35 1.71428571429
36 0.416666666667
37 1.4
38 1.0
39 1.28571428571
40 0.555555555556
41 1.6
42 0.75
43 0.833333333333
44 0.4
45 1.5
46 0.333333333333
47 1.0
48 1.0
49 6.0
50 0.666666666667
51 1.25
52 0.4
53 1.5
54 1.66666666667
55 0.8
56 1.0
57 0.25
58 4.0
59 1.0
60 3.75
61 0.533333333333
62 0.125
63 4.0
64 2.0
65 0.875
66 1.57142857143
67 0.727272727273
68 1.375
69 0.818181818182
70 0.555555555556
71 0.6
72 1.66666666667
73 0.2
74 1.0
75 6.0
76 0.666666666667
77 0.75
78 1.66666666667
79 1.2
80 1.66666666667
81 0.6
82 0.666666666667
83 1.0
84 1.25
85 1.4
86 0.857142857143
87 0.5
88 2.0
89 1.33333333333
90 0.625
91 0.2
92 3.0
93 2.33333333333
94 0.142857142857
95 1.0
96 4.0
97 0.25
98 6.0
99 0.5
100 0.666666666667
101 2.0
102 1.5
103 0.666666666667
104 1.0
105 1.0
106 2.5
107 0.2
108 2.5
109 0.2
110 5.0
111 1.4
112 0.857142857143
113 1.16666666667
114 0.428571428571
115 1.66666666667
116 0.2
117 24.0
118 0.625
119 0.866666666667
120 0.0769230769231
121 1.0
122 9.0
123 0.111111111111
124 10.0
125 0.7
126 0.714285714286
127 2.0
128 0.3
129 0.333333333333
130 1.0
131 3.0
132 2.33333333333
133 1.71428571429
134 0.5
135 0.5
136 4.33333333333
137 0.538461538462
138 1.0
