1  2259.0
2  1032732.0
1  29.0
2  74.0
1  181.0
2  26.0
1  12.0
2  5.0
1  20.0
2  154.0
1  89678.0
2  343360.0
1  29.0
2  59.0
1  6.0
2  13.0
1  2.0
2  10.0
1  10.0
2  81.0
1  21.0
2  18.0
1  250263.0
2  793.0
1  12191.0
2  64684.0
1  1502.0
2  343.0
1  42.0
2  165.0
1  45.0
2  54.0
1  68.0
2  396.0
1  9610.0
2  80682.0
1  6373.0
2  53332.0
1  1122274.0
2  12550.0
1  81234.0
2  476.0
1  40.0
2  31.0
1  23.0
2  20.0
1  13.0
2  2.0
1  16.0
2  11.0
1  17.0
2  15.0
1  2.0
2  39.0
1  18.0
2  90.0
1  22.0
2  5301.0
1  47733.0
2  22685.0
1  554.0
2  98.0
1  13.0
2  33.0
1  16.0
2  17.0
1  23.0
2  19.0
1  30.0
2  104595.0
1  6547.0
2  973.0
1  94886.0
2  99.0
1  21.0
2  162.0
1  33411.0
2  22333.0
1  49.0
2  209.0
1  1657592.0
2  2505136.0
