0 0
2 3.0
3 0.333333333333
4 1.0
5 3.0
6 0.333333333333
7 3.0
8 0.333333333333
9 2.0
10 1.5
11 1.33333333333
12 0.25
13 1.0
14 4.0
15 0.25
16 3.0
17 0.666666666667
18 2.5
19 1.0
20 1.4
21 0.142857142857
22 1.0
23 2.0
24 0.5
25 3.0
26 0.666666666667
27 1.0
28 0.5
29 1.0
30 1.0
31 8.0
32 2.25
33 0.777777777778
34 0.0
34 0
36 0.222222222222
37 0.0
37 0
39 0.0
39 0
40 0
42 0.75
43 0.0
43 0
45 0.0
45 0
47 0.0
47 0
49 0.142857142857
50 0.0
50 0
52 0.0
52 0
54 0.0
54 0
56 0.0
56 0
58 0.0
58 0
60 0.0
60 0
62 0.25
63 1.0
64 2.0
65 2.0
66 0.5
67 0.5
68 6.0
69 0.166666666667
70 5.0
71 0.8
72 0.5
73 3.0
74 0.166666666667
75 2.0
76 1.5
77 1.33333333333
78 0.25
79 3.0
80 0.333333333333
81 1.0
82 2.0
83 0.5
84 5.0
85 0.0
85 0
87 0.0444444444444
88 0.5
89 2.0
90 1.0
91 1.0
92 0.5
93 1.0
94 2.0
95 0.5
96 1.0
97 1.0
98 1.0
