1  0
1  0
1  0
1  0
1  0
1  7260.0
2  60.0
1  60.0
1  60.0
1  0.0
2  540.0
1  540.0
1  540.0
1  540.0
1  900.0
2  900.0
2  60.0
1  60.0
1  60.0
1  60.0
1  5700.0
2  5700.0
2  26640.0
1  10440.0
2  3180.0
1  36960.0
2  7740.0
1  7740.0
1  8340.0
2  424260.0
1  20700.0
2  59760.0
1  59760.0
1  59760.0
1  2520.0
2  2520.0
2  2520.0
2  780.0
1  65460.0
2  60.0
1  60.0
1  60.0
1  60.0
1  60.0
1  60.0
1  2160.0
2  2160.0
2  1080.0
1  1080.0
1  1080.0
1  1080.0
1  1080.0
1  1920.0
2  1920.0
2  0.0
1  0.0
1  0.0
1  0.0
2  0.0
2  0.0
1  0.0
1  0.0
2  0.0
1  0.0
1  0.0
1  60.0
2  60.0
2  0.0
1  0.0
2  0.0
2  0.0
1  0.0
1  0.0
1  60.0
2  0.0
1  0.0
2  0.0
1  0.0
1  0.0
1  12600.0
2  60780.0
1  60780.0
1  60780.0
1  60780.0
1  138540.0
2  138540.0
2  138540.0
2  0.0
1  0.0
1  0.0
2  60.0
1  60.0
1  60.0
1  60.0
1  60.0
1  60.0
1  60.0
2  60.0
2  60.0
