0 0
2 10.5
3 0.0952380952381
4 1.0
5 3.0
6 1.33333333333
7 0.625
8 0.2
9 5.0
10 1.6
11 1.0
12 0.25
13 3.5
14 0.428571428571
15 1.66666666667
16 1.0
17 1.6
18 0.375
19 4.0
20 0.0833333333333
21 10.0
22 0.6
23 0.666666666667
24 1.0
25 1.75
26 0.857142857143
27 0.5
28 0.333333333333
29 1.0
30 1.0
31 8.0
32 0.625
33 0.6
34 0.333333333333
35 3.0
36 1.66666666667
37 0.2
38 4.0
39 0.75
40 1.0
41 1.66666666667
42 0.4
43 1.5
44 0.666666666667
45 1.0
46 2.0
47 1.25
48 0.2
49 5.0
50 1.0
51 0.2
52 4.0
53 0.75
54 1.33333333333
55 2.5
56 1.0
57 0.2
58 0.5
59 8.0
60 0.75
61 1.33333333333
62 0.5
63 0.5
64 2.0
65 1.25
66 1.0
67 0.6
68 2.66666666667
69 0.75
70 0.166666666667
71 5.0
72 0.6
73 2.0
74 0.333333333333
75 2.5
