0 0
1 0
2 0
4 0.333333333333
5 1.0
6 4.0
7 0.5
8 1.5
9 0.333333333333
10 3.0
11 0.333333333333
12 4.0
13 1.25
14 0.8
15 1.25
16 1.0
17 0.6
18 1.33333333333
19 1.0
20 2.25
21 0.777777777778
22 1.0
23 0.142857142857
24 6.0
25 1.0
26 1.0
27 0.833333333333
28 0.2
29 1.0
30 3.0
31 1.0
32 0.666666666667
33 3.5
34 1.14285714286
35 0.375
36 0.333333333333
37 1.0
38 2.0
39 2.0
40 0.75
41 1.0
42 1.0
43 2.0
44 0.333333333333
45 0.5
46 3.0
47 0.666666666667
48 0.5
49 2.0
50 0.5
51 1.0
52 5.0
53 1.2
54 0.5
55 0.333333333333
56 1.0
57 2.0
58 0.5
59 3.0
60 1.0
61 0.333333333333
62 3.0
63 1.33333333333
64 0.25
65 1.0
66 1.0
67 3.0
68 0.333333333333
69 1.0
70 5.0
71 0.2
72 3.0
73 1.33333333333
74 0.25
75 1.0
76 4.0
77 0.5
78 3.0
79 0.5
80 1.0
81 0.333333333333
82 1.0
83 5.0
84 1.0
85 0.6
86 2.0
87 1.0
88 0.166666666667
89 10.0
90 0.5
91 1.0
92 1.0
93 0.8
94 1.0
95 1.0
96 0.75
97 1.66666666667
98 2.0
99 0.1
100 2.0
101 3.0
102 0.5
103 0.333333333333
104 3.0
105 2.66666666667
106 0.125
107 6.0
108 0.5
109 1.66666666667
110 0.6
111 2.66666666667
112 0.75
113 1.16666666667
114 0.714285714286
115 1.4
116 0.571428571429
117 1.75
118 0.142857142857
119 3.0
120 1.33333333333
121 0.75
122 0.333333333333
123 7.0
124 0.428571428571
125 0.666666666667
126 2.5
127 0.4
128 1.0
129 2.5
130 0.0
130 0
132 0.142857142857
133 1.0
134 1.0
135 1.0
136 1.0
137 12.0
138 0.333333333333
139 0.5
140 3.0
141 0.5
142 2.33333333333
143 0.857142857143
144 0.666666666667
145 1.75
146 0.857142857143
147 1.0
148 1.33333333333
149 0.375
150 0.333333333333
