1  0
1  0
1  0
1  0
1  0
1  0
1  3540.0
2  78900.0
1  78900.0
1  321780.0
2  109020.0
1  109020.0
1  109020.0
1  0.0
2  0.0
2  60.0
1  60.0
1  0.0
2  0.0
2  0.0
2  0.0
1  0.0
1  0.0
1  60.0
2  60.0
2  0.0
1  0.0
1  0.0
1  0.0
2  0.0
2  240.0
1  240.0
1  240.0
1  240.0
1  0.0
2  0.0
2  0.0
2  60.0
1  60.0
2  60.0
2  0.0
1  0.0
1  0.0
2  0.0
2  360.0
1  360.0
1  360.0
1  360.0
1  360.0
1  0.0
2  120.0
1  120.0
1  120.0
1  60.0
2  60.0
2  120.0
1  0.0
2  0.0
2  0.0
1  0.0
1  0.0
1  0.0
1  300.0
2  0.0
1  0.0
1  0.0
1  0.0
1  0.0
1  0.0
1  170280.0
2  170280.0
2  27780.0
1  27780.0
1  27780.0
1  63120.0
2  63120.0
2  63120.0
2  63120.0
2  22560.0
1  22560.0
1  22560.0
1  22560.0
1  22560.0
1  22560.0
1  22560.0
1  30240.0
2  12780.0
1  12780.0
1  12780.0
1  120.0
2  60.0
1  0.0
2  0.0
2  0.0
1  0.0
1  0.0
1  3780.0
2  3060.0
1  3060.0
1  2820.0
2  2820.0
2  2820.0
2  2820.0
2  20940.0
1  20940.0
1  20940.0
1  20940.0
1  20940.0
1  21720.0
2  21720.0
2  21720.0
2  240.0
1  0.0
2  0.0
2  0.0
1  0.0
2  0.0
1  0.0
2  0.0
2  0.0
1  0.0
2  0.0
1  60.0
2  0.0
1  0.0
1  0.0
1  60.0
2  0.0
1  0.0
1  0.0
1  0.0
2  0.0
2  0.0
2  0.0
1  0.0
1  0.0
1  0.0
1  0.0
1  0.0
1  0.0
2  0.0
2  0.0
1  0.0
1  60.0
2  60.0
2  0.0
1  0.0
1  0.0
1  0.0
1  0.0
1  0.0
2  0.0
2  120.0
1  60.0
2  120.0
1  120.0
1  120.0
1  120.0
1  120.0
1  120.0
1  120.0
1  120.0
1  120.0
1  0.0
2  0.0
2  0.0
2  300.0
1  0.0
2  0.0
1  0.0
1  0.0
1  0.0
2  0.0
2  0.0
1  0.0
1  0.0
1  0.0
1  0.0
1  0.0
2  0.0
1  0.0
1  0.0
1  0.0
2  0.0
1  0.0
1  0.0
1  0.0
1  0.0
1  0.0
1  0.0
1  60.0
2  0.0
1  0.0
1  0.0
1  120.0
2  60.0
1  60.0
1  60.0
1  0.0
2  0.0
2  180.0
1  180.0
1  180.0
1  180.0
1  180.0
1  180.0
1  180.0
1  180.0
1  180.0
1  180.0
1  180.0
1  9420.0
2  900.0
1  900.0
1  900.0
1  900.0
1  900.0
1  31560.0
2  31560.0
2  444120.0
1  444120.0
1  444120.0
1  444120.0
1  444120.0
1  444120.0
