0
0
0
0
0
0
3540.0
78900.0
321780.0
109020.0
109020.0
0.0
60.0
0.0
0.0
0.0
60.0
0.0
0.0
0.0
240.0
240.0
240.0
0.0
60.0
0.0
0.0
360.0
360.0
360.0
360.0
0.0
120.0
120.0
60.0
0.0
0.0
0.0
0.0
300.0
0.0
0.0
0.0
0.0
0.0
170280.0
27780.0
27780.0
63120.0
22560.0
22560.0
22560.0
22560.0
22560.0
22560.0
30240.0
12780.0
12780.0
120.0
0.0
0.0
0.0
3780.0
3060.0
2820.0
20940.0
20940.0
20940.0
20940.0
21720.0
0.0
0.0
0.0
0.0
60.0
0.0
0.0
60.0
0.0
0.0
0.0
0.0
0.0
0.0
0.0
0.0
0.0
0.0
60.0
0.0
0.0
0.0
0.0
0.0
60.0
120.0
120.0
120.0
120.0
120.0
120.0
120.0
120.0
0.0
0.0
0.0
0.0
0.0
0.0
0.0
0.0
0.0
0.0
0.0
0.0
0.0
0.0
0.0
0.0
0.0
0.0
0.0
60.0
0.0
0.0
120.0
60.0
60.0
0.0
180.0
180.0
180.0
180.0
180.0
180.0
180.0
180.0
180.0
180.0
9420.0
900.0
900.0
900.0
900.0
31560.0
444120.0
444120.0
444120.0
444120.0
444120.0
