1  358020.0
2  0.0
1  0.0
2  0.0
1  1020.0
2  0.0
1  0.0
2  120.0
1  0.0
2  60.0
1  0.0
2  60.0
1  0.0
2  60.0
1  0.0
2  0.0
1  0.0
2  0.0
1  0.0
2  0.0
1  0.0
2  0.0
1  0.0
2  120.0
1  0.0
2  0.0
1  145860.0
2  0.0
1  840.0
2  0.0
1  84780.0
2  0.0
1  10020.0
2  0.0
1  0.0
2  60.0
1  19020.0
2  0.0
1  60.0
2  666360.0
1  120.0
2  420.0
1  0.0
2  0.0
1  0.0
2  0.0
1  0.0
2  0.0
1  0.0
2  0.0
1  0.0
2  0.0
1  0.0
2  0.0
1  0.0
2  60.0
1  60.0
2  0.0
1  0.0
2  0.0
1  60.0
2  0.0
1  0.0
2  0.0
1  120.0
2  840.0
1  0.0
2  0.0
1  60.0
2  60.0
1  60.0
2  0.0
1  60.0
2  0.0
1  60.0
2  0.0
1  0.0
2  0.0
1  60.0
2  0.0
1  14340.0
2  0.0
1  37320.0
2  60.0
