0 0
2 0.454545454545
3 0.2
4 7.0
5 0.142857142857
6 7.0
7 0.142857142857
8 7.0
9 0.714285714286
10 1.4
11 1.28571428571
12 0.444444444444
13 0.25
14 1.0
15 6.0
16 0.166666666667
17 7.0
18 0.428571428571
19 2.33333333333
20 0.142857142857
21 6.0
22 0.166666666667
23 2.0
24 2.5
25 0.4
26 2.0
27 1.0
28 2.75
29 0.363636363636
30 2.5
31 0.8
32 1.0
33 2.375
34 1.10526315789
35 0.190476190476
36 2.25
37 0.444444444444
38 1.5
39 1.0
40 0.5
41 0.333333333333
42 1.0
43 2.0
44 1.0
45 1.0
46 1.5
47 0.333333333333
48 6.0
49 0.666666666667
50 0.5
51 1.0
52 2.5
53 0.2
54 1.0
55 3.0
56 0.666666666667
57 2.5
58 1.4
59 0.857142857143
60 0.666666666667
61 0.25
62 2.0
63 2.5
64 1.2
65 0.833333333333
66 1.2
67 1.0
68 0.333333333333
69 2.5
70 0.6
71 2.0
72 0.5
73 1.0
74 1.0
75 0.666666666667
76 1.5
77 2.0
78 0.166666666667
79 4.0
80 0.75
81 1.33333333333
82 1.75
83 4.0
84 0.428571428571
85 0.416666666667
86 1.2
87 1.0
88 0.666666666667
89 0.75
90 3.33333333333
91 0.4
92 1.25
93 0.8
94 4.0
95 0.1875
96 4.33333333333
97 0.384615384615
98 2.0
99 0.3
100 2.0
101 0.166666666667
102 1.0
103 4.0
104 2.0
105 0.125
106 1.0
107 4.0
108 1.75
109 0.285714285714
110 0.5
111 3.0
112 3.0
113 0.222222222222
114 2.5
115 1.0
116 0.4
117 2.5
118 0.8
119 1.0
120 0.75
121 3.33333333333
122 0.6
123 0.333333333333
124 2.0
125 0.75
126 3.0
127 0.666666666667
128 0.833333333333
129 0.6
130 0.333333333333
131 5.0
132 0.2
133 2.0
134 0.5
135 5.0
136 0.4
137 3.0
138 0.333333333333
139 1.0
