0 0
2 0.8
3 0.5
4 0.25
5 7.0
6 1.0
7 1.57142857143
8 0.0909090909091
9 2.0
10 3.0
11 1.0
12 0.333333333333
13 1.0
14 3.5
15 0.285714285714
16 0.5
17 7.0
18 0.571428571429
19 1.25
20 1.2
21 1.66666666667
22 0.3
23 1.66666666667
24 1.8
25 0.333333333333
26 4.0
27 0.416666666667
28 0.2
29 5.0
30 1.0
31 0.8
32 0.25
33 5.0
34 1.0
35 0.2
36 9.0
37 0.666666666667
38 1.0
39 1.83333333333
40 0.454545454545
41 1.0
42 1.2
43 1.0
44 0.5
45 5.33333333333
46 0.5
47 1.25
48 0.1
49 3.0
50 2.66666666667
51 1.375
52 0.818181818182
53 0.888888888889
54 0.375
55 1.33333333333
56 1.0
57 1.5
58 0.333333333333
59 5.0
60 0.6
61 0.166666666667
62 2.0
63 1.5
64 0.666666666667
65 1.0
66 2.5
67 0.2
68 1.0
69 2.0
70 0.5
71 8.0
72 0.75
73 0.5
74 0.666666666667
75 1.5
76 2.33333333333
77 0.285714285714
78 1.0
79 3.5
80 0.285714285714
81 1.5
82 1.0
83 0.666666666667
84 1.0
85 3.0
86 1.16666666667
87 1.0
88 0.142857142857
89 4.0
90 1.0
91 0.75
92 1.66666666667
93 1.0
94 1.0
95 1.0
96 0.4
97 0.5
98 6.0
99 0.5
100 1.66666666667
101 0.2
102 1.0
103 1.0
104 4.0
105 0.5
106 0.5
107 2.0
108 2.5
109 1.2
110 0.333333333333
111 2.0
112 0.5
113 1.0
114 0.5
115 1.0
116 1.0
117 1.0
118 3.0
119 3.66666666667
120 0.454545454545
121 1.0
122 0.8
123 0.25
124 2.0
125 0.5
126 4.0
127 1.25
128 0.2
129 4.0
130 0.75
131 1.33333333333
132 0.75
133 2.33333333333
134 0.285714285714
135 1.5
136 1.66666666667
137 0.8
138 0.25
139 7.0
140 0.714285714286
141 0.4
142 2.5
143 1.2
144 0.833333333333
145 0.6
146 1.33333333333
147 0.25
148 1.0
149 4.0
150 1.25
151 0.6
152 1.33333333333
153 2.5
154 0.2
155 2.5
156 0.8
157 1.25
158 0.6
159 1.66666666667
160 0.2
161 4.0
162 0.75
163 1.33333333333
164 2.5
165 0.4
166 1.75
167 0.571428571429
168 0.5
169 1.0
170 1.0
171 0.5
172 3.0
173 2.66666666667
174 0.125
175 3.0
176 3.0
177 0.111111111111
178 8.0
179 0.25
180 1.0
181 0.5
182 1.0
183 1.0
184 6.0
185 0.5
186 1.0
187 2.0
188 0.166666666667
189 3.0
190 1.0
191 2.33333333333
192 0.428571428571
193 1.0
194 1.0
195 1.33333333333
196 0.75
197 1.33333333333
198 1.25
199 0.2
200 3.0
201 0.333333333333
