1  126.0
2  29.0
1  38.0
2  25.0
1  51.0
2  36.0
1  92.0
2  79.0
1  67.0
2  71.0
1  44.0
2  14.0
1  10.0
2  11.0
1  75.0
2  45.0
1  104.0
2  70.0
1  42.0
2  3.0
1  28.0
2  7.0
1  17.0
2  143.0
1  46.0
2  79.0
1  16.0
2  45.0
1  29.0
2  143.0
1  38.0
2  120.0
1  54.0
2  9.0
1  40.0
2  112.0
1  36.0
2  73.0
1  11.0
2  6.0
1  11.0
2  7.0
1  9.0
2  2.0
1  7.0
2  12.0
1  70.0
2  1285173.0
1  6698.0
2  1374297.0
1  28978.0
2  575.0
1  23.0
2  29.0
1  21.0
2  39.0
1  64.0
2  1392.0
1  13.0
2  7.0
1  4.0
2  10.0
1  3.0
2  10.0
1  21.0
2  4.0
1  29.0
2  16.0
1  59.0
2  89.0
1  50.0
2  825557.0
1  80.0
2  31.0
1  3.0
2  17.0
1  70.0
2  82.0
1  28.0
2  66165.0
1  434661.0
2  1164.0
1  50.0
2  16.0
1  33.0
2  45.0
1  94.0
2  47.0
1  26.0
2  99.0
1  41.0
2  10.0
1  47.0
2  73.0
1  6.0
2  16.0
1  69.0
2  20.0
1  57.0
2  49.0
1  15.0
2  2.0
1  34.0
2  12.0
1  51.0
2  45.0
1  4.0
2  9.0
1  56.0
2  14.0
1  18.0
2  29.0
1  194739.0
2  201.0
1  19.0
2  5.0
1  13.0
2  2698.0
1  532837.0
2  625.0
1  67.0
2  478687.0
1  640217.0
2  3.0
1  4.0
2  5.0
1  12.0
2  0.0
1  10.0
2  17.0
1  31.0
2  10.0
1  423806.0
2  594705.0
1  27759.0
2  71515.0
1  15491.0
2  1161883.0
1  5699.0
2  88853.0
1  23.0
2  28.0
1  43.0
2  26.0
1  32.0
2  47.0
1  47.0
2  18.0
1  47.0
2  1855574.0
1  17.0
2  19.0
1  7.0
2  262575.0
1  19.0
2  7032.0
1  23130.0
2  960093.0
1  846836.0
