0 0
2 3.0
3 0.333333333333
4 1.0
5 5.0
6 0.4
7 2.5
8 0.2
9 2.0
10 1.5
11 2.33333333333
12 0.142857142857
13 8.0
14 0.625
15 0.2
16 9.0
17 0.444444444444
18 0.25
19 9.0
20 0.333333333333
21 0.333333333333
22 1.0
23 5.0
24 0.8
25 2.25
26 0.888888888889
27 0.25
28 1.0
29 1.0
30 4.0
31 1.75
32 0.714285714286
33 0.5
34 0.2
35 1.0
36 1.0
37 3.0
38 0.333333333333
39 2.0
40 0.5
41 7.0
42 0.142857142857
43 6.0
44 0.166666666667
45 1.0
46 3.0
47 1.66666666667
48 0.2
49 1.0
50 13.0
51 0.461538461538
52 0.333333333333
53 1.0
54 2.0
55 0.25
56 2.0
57 0.5
58 3.0
59 0.666666666667
60 1.0
61 3.5
62 0.714285714286
63 0.8
64 0.25
65 6.0
66 1.0
67 1.66666666667
68 1.7
69 0.411764705882
70 1.57142857143
71 0.0909090909091
72 8.0
73 0.375
74 0.333333333333
75 2.0
76 0.5
77 6.0
78 0.166666666667
79 2.0
80 2.5
81 2.8
82 0.214285714286
83 2.0
84 0.666666666667
85 0.25
86 1.0
87 5.0
88 0.2
89 5.0
90 0.2
91 1.0
92 3.0
93 1.0
94 0.333333333333
95 4.0
96 1.0
97 0.75
98 0.666666666667
99 3.5
100 0.142857142857
101 1.0
102 1.0
103 6.0
104 0.166666666667
105 1.0
106 21.0
107 0.047619047619
108 1.0
109 1.0
110 1.0
111 2.0
112 2.5
113 0.4
114 1.5
115 0.666666666667
116 2.0
117 0.5
118 1.5
119 0.333333333333
120 1.0
121 3.0
122 0.333333333333
123 2.0
124 1.0
125 0.5
126 1.0
127 1.0
128 1.0
129 2.0
130 0.5
131 1.0
132 1.0
133 1.0
134 1.0
135 4.0
136 0.25
137 2.0
138 0.5
139 4.0
140 0.25
141 3.0
142 0.333333333333
143 9.0
144 0.222222222222
145 1.0
146 0.5
147 1.0
148 8.0
149 0.25
150 0.5
151 2.0
152 1.0
153 2.0
154 1.0
155 1.0
156 0.5
157 0.5
158 1.0
159 1.0
160 3.0
161 0.333333333333
162 1.0
163 2.0
164 0.5
165 1.0
166 2.0
167 1.0
168 2.0
169 1.0
170 0.25
171 8.0
172 0.75
173 0.166666666667
174 3.0
175 0.333333333333
176 6.0
177 0.166666666667
178 2.0
179 1.5
180 0.333333333333
181 2.0
182 2.5
183 1.2
184 0.333333333333
185 0.5
186 1.0
187 3.0
188 1.0
189 0.333333333333
190 2.0
191 2.5
192 0.2
193 10.0
194 0.1
195 4.0
196 0.25
197 2.0
198 0.5
199 1.0
200 5.0
201 0.8
202 0.25
203 3.0
204 0.333333333333
205 1.0
206 1.0
207 1.0
208 2.0
209 1.5
210 0.333333333333
211 4.0
212 0.75
213 1.0
214 0.666666666667
215 1.0
216 3.5
217 1.14285714286
218 0.75
219 0.166666666667
220 2.0
221 1.0
222 0.5
223 3.0
224 0.333333333333
225 1.0
226 1.0
227 1.0
228 6.0
229 0.166666666667
230 1.0
231 5.0
232 0.2
233 1.0
234 1.0
235 2.0
236 1.5
237 0.333333333333
238 2.0
239 4.5
240 0.444444444444
241 1.75
242 0.571428571429
243 0.25
244 4.0
245 1.5
246 0.666666666667
247 0.75
248 1.66666666667
249 1.2
250 2.5
251 0.133333333333
252 0.5
253 7.0
254 0.571428571429
255 0.25
256 3.0
257 0.333333333333
258 1.0
259 1.0
260 1.0
261 1.0
262 1.0
263 1.0
264 1.0
265 2.0
266 0.5
267 2.0
268 1.0
269 1.0
270 2.0
271 0.25
272 1.0
273 3.0
274 0.333333333333
275 10.0
276 0.2
277 1.0
278 0.5
279 1.0
280 1.0
281 4.0
282 1.5
283 2.33333333333
284 0.428571428571
285 2.16666666667
286 0.538461538462
287 1.0
288 1.85714285714
289 0.692307692308
290 0.333333333333
291 0.333333333333
292 9.0
293 0.444444444444
294 2.5
295 0.2
296 1.5
297 1.0
298 0.666666666667
299 1.5
300 0.666666666667
301 2.5
302 0.2
303 50.0
304 0.06
305 0.666666666667
306 2.0
307 0.25
308 1.0
309 3.0
310 0.333333333333
311 7.0
312 0.571428571429
313 0.5
314 0.5
315 1.0
316 2.0
317 0.5
318 1.0
319 1.0
320 1.0
321 2.0
322 1.0
323 1.0
324 1.0
325 0.5
326 1.0
327 3.0
328 1.0
329 0.333333333333
330 1.0
331 6.0
332 1.0
333 3.0
334 0.388888888889
335 0.142857142857
336 10.0
337 0.5
338 0.2
339 2.0
340 4.0
341 2.75
342 0.0454545454545
343 1.0
344 7.0
345 0.142857142857
346 1.0
347 1.0
348 1.0
349 1.0
350 2.0
351 1.0
352 0.5
353 3.0
354 1.66666666667
355 0.2
356 1.0
357 5.0
358 0.6
359 0.333333333333
360 1.0
361 8.0
362 0.5
363 0.25
364 5.0
365 0.2
366 1.0
367 1.0
368 6.0
369 1.0
370 0.5
371 1.33333333333
372 1.5
373 0.666666666667
374 2.75
375 0.909090909091
376 0.5
377 0.8
378 1.5
379 0.166666666667
380 1.0
381 1.0
382 5.0
383 0.2
384 1.0
385 1.0
386 4.0
387 0.25
388 3.0
389 0.666666666667
390 0.5
391 2.0
392 3.0
393 1.16666666667
394 0.857142857143
395 0.5
396 3.33333333333
397 0.1
398 1.0
399 6.0
400 0.833333333333
401 1.4
402 1.28571428571
403 0.111111111111
404 8.0
405 0.125
406 1.0
407 1.0
408 3.0
409 0.333333333333
410 1.0
411 11.0
412 0.0909090909091
413 8.0
414 0.5
415 0.5
416 2.5
417 0.4
418 0.5
419 1.0
420 1.0
421 1.0
422 1.0
423 4.0
424 0.25
425 4.0
426 1.0
427 1.25
428 0.2
429 8.0
430 1.0
431 0.75
432 1.33333333333
433 0.875
434 0.285714285714
435 0.5
436 1.0
437 6.0
438 0.166666666667
439 1.0
440 5.0
441 0.2
442 6.0
443 0.166666666667
444 4.0
445 1.75
446 1.28571428571
447 0.555555555556
448 0.2
449 2.0
450 0.5
451 1.0
452 10.0
453 0.8
454 0.125
455 4.0
456 0.25
457 9.0
458 0.666666666667
459 0.666666666667
460 2.25
461 0.111111111111
462 1.0
463 4.0
464 1.25
465 1.2
466 0.833333333333
467 0.8
468 0.75
469 0.666666666667
470 1.5
471 2.0
472 0.333333333333
473 0.5
474 2.0
475 2.0
476 0.75
477 1.0
478 0.333333333333
479 2.0
480 2.0
481 0.75
482 1.0
483 1.33333333333
484 1.5
485 0.166666666667
486 1.0
487 3.0
488 1.66666666667
489 1.4
490 0.142857142857
491 1.0
492 1.0
493 1.0
494 8.0
495 0.5
496 0.5
497 0.5
498 5.0
499 1.0
500 0.6
501 0.333333333333
502 1.0
503 2.0
504 0.5
505 6.0
506 0.166666666667
507 6.0
508 0.5
509 1.0
510 1.0
511 2.33333333333
512 0.142857142857
513 8.0
514 0.75
515 0.166666666667
516 4.0
517 0.25
518 1.0
519 1.0
520 1.0
521 7.0
522 0.285714285714
523 4.0
524 0.125
525 12.0
526 0.416666666667
527 0.2
528 1.0
529 1.0
530 3.0
531 0.666666666667
532 0.5
533 1.0
534 1.0
535 1.0
536 3.0
537 2.66666666667
538 0.5
539 1.5
540 0.166666666667
541 2.0
542 1.0
543 3.0
544 1.33333333333
545 0.75
546 1.16666666667
547 0.714285714286
548 1.2
549 1.66666666667
550 0.2
551 4.0
552 0.375
553 1.0
554 3.33333333333
555 0.6
556 1.5
557 1.0
558 0.888888888889
559 0.375
560 0.333333333333
561 1.0
562 1.0
563 1.0
564 5.0
565 1.8
566 1.11111111111
567 1.3
568 0.0769230769231
569 5.0
570 1.2
571 0.166666666667
572 1.0
573 5.0
574 0.2
575 12.0
576 0.5
577 0.333333333333
578 0.5
579 2.0
580 3.0
581 0.166666666667
582 1.0
583 6.0
584 0.166666666667
585 3.0
586 1.0
587 1.33333333333
588 1.25
589 0.2
590 2.0
591 4.0
592 0.625
593 0.6
594 2.66666666667
595 2.75
596 0.0454545454545
597 6.0
598 0.833333333333
599 1.4
600 2.42857142857
601 0.294117647059
602 2.4
603 0.416666666667
604 1.2
605 0.666666666667
606 2.25
607 0.111111111111
608 4.0
609 0.25
610 12.0
611 0.333333333333
612 1.75
613 0.857142857143
614 1.66666666667
615 0.1
616 1.0
617 1.0
618 4.0
619 3.25
620 0.384615384615
621 0.4
622 0.5
623 8.0
624 0.125
625 4.0
626 0.25
627 1.0
628 7.0
629 0.142857142857
630 4.0
631 0.25
632 5.0
633 0.2
634 2.0
635 0.5
636 5.0
637 0.6
638 1.66666666667
639 1.0
640 0.4
641 1.0
642 1.5
643 1.33333333333
644 1.0
645 0.5
646 2.5
647 0.4
648 1.0
649 0.5
650 3.0
651 2.66666666667
652 0.375
653 1.66666666667
654 0.2
655 1.0
656 4.0
657 0.75
658 3.66666666667
659 0.0909090909091
660 2.0
661 0.5
662 1.0
663 4.0
664 1.25
665 0.4
666 0.5
667 1.0
668 5.0
669 0.6
670 0.333333333333
671 1.0
672 7.0
673 0.571428571429
674 0.5
675 0.5
676 7.0
677 0.142857142857
678 1.0
679 2.0
680 0.5
681 6.0
682 1.5
683 0.555555555556
684 0.2
685 6.0
686 0.666666666667
687 1.0
688 1.0
689 1.0
690 0.75
691 2.33333333333
692 0.142857142857
693 1.0
694 2.0
695 1.5
696 0.333333333333
697 1.0
698 1.0
699 1.0
700 1.0
701 1.0
702 1.0
703 2.0
704 1.5
705 0.333333333333
706 1.0
707 1.0
708 4.0
709 2.25
710 0.666666666667
711 0.166666666667
712 4.0
713 1.5
714 0.833333333333
715 0.4
716 0.5
717 2.0
718 1.0
719 2.0
720 1.0
721 0.25
722 4.0
723 0.75
724 1.66666666667
725 0.2
726 4.0
727 0.75
728 0.666666666667
729 3.0
730 0.333333333333
731 1.0
732 4.0
733 0.5
734 0.25
735 1.0
736 4.0
737 0.25
738 4.0
739 1.0
740 0.75
741 0.333333333333
742 1.0
743 2.0
744 0.5
745 5.0
746 0.2
747 1.0
748 1.0
749 5.0
750 0.2
751 4.0
752 0.25
753 1.0
754 1.0
755 2.0
756 1.0
757 1.5
758 0.666666666667
759 1.5
760 0.666666666667
761 1.0
