0 0
2 4.0
3 1.5
4 0.666666666667
5 0.25
6 4.0
7 0.5
8 2.5
9 0.8
10 1.25
11 0.8
12 0.25
13 5.0
14 0.6
15 3.0
16 0.555555555556
17 1.2
18 0.166666666667
19 4.0
20 0.75
21 2.33333333333
22 0.142857142857
23 3.0
24 0.333333333333
25 4.0
26 0.25
27 1.0
28 18.0
29 0.0555555555556
30 8.0
31 0.25
32 4.5
33 0.666666666667
34 1.0
35 0.833333333333
36 1.2
37 1.0
38 0.5
39 0.333333333333
40 1.0
41 9.0
42 0.666666666667
43 2.16666666667
44 0.0769230769231
45 14.0
46 0.0714285714286
47 1.0
48 4.0
49 0.5
50 1.5
51 3.0
52 0.111111111111
53 2.0
54 3.5
55 0.142857142857
56 3.0
57 1.66666666667
58 1.0
59 0.2
60 4.0
61 1.25
62 0.8
63 0.75
64 0.666666666667
65 2.5
66 0.8
67 0.25
68 5.0
69 0.2
70 3.0
71 0.333333333333
72 3.0
73 0.666666666667
74 0.5
75 5.0
76 1.4
77 0.142857142857
78 9.0
79 0.111111111111
80 1.0
81 1.0
82 3.0
83 1.0
84 0.333333333333
85 1.0
86 3.0
87 0.333333333333
88 3.0
89 2.0
90 1.33333333333
91 0.5
92 1.5
93 0.5
94 1.33333333333
95 1.25
96 1.4
97 0.857142857143
98 0.833333333333
99 1.0
100 0.6
101 0.333333333333
102 3.0
103 1.0
104 0.333333333333
105 4.0
106 1.25
107 0.2
108 8.0
109 0.125
110 1.0
111 7.0
112 1.42857142857
113 0.1
114 1.0
115 4.0
116 1.0
117 1.75
118 1.0
119 0.571428571429
120 1.25
121 0.2
122 7.0
123 0.857142857143
124 0.5
125 0.333333333333
126 18.0
127 0.0555555555556
128 5.0
129 0.2
130 14.0
131 0.0714285714286
132 1.0
133 4.0
134 1.25
135 0.4
136 2.0
137 0.75
138 1.0
139 1.0
140 2.0
141 1.0
142 0.166666666667
143 1.0
144 1.0
145 4.0
146 1.25
147 1.0
148 0.2
149 7.0
150 0.714285714286
151 0.4
152 1.5
153 1.66666666667
154 1.0
155 1.2
156 1.0
157 0.833333333333
158 0.4
159 1.0
160 0.5
161 3.0
162 1.33333333333
163 1.25
164 0.4
165 0.5
166 6.0
167 0.833333333333
168 0.2
169 2.0
170 5.0
171 0.1
172 4.0
173 1.0
174 1.75
175 0.142857142857
176 5.0
177 0.2
178 1.0
179 4.0
180 1.0
181 2.75
182 0.0909090909091
183 2.0
184 2.0
185 0.75
186 0.666666666667
187 0.5
188 3.0
189 1.33333333333
190 1.75
191 0.857142857143
192 0.333333333333
193 4.0
194 0.5
195 1.75
196 0.142857142857
197 5.0
198 1.4
199 1.0
200 0.857142857143
201 0.5
202 2.66666666667
203 1.0
204 1.0
205 0.625
206 1.2
207 1.66666666667
208 0.3
209 2.66666666667
210 0.125
211 3.0
212 3.66666666667
213 0.454545454545
214 0.4
215 3.0
216 1.16666666667
217 2.0
218 0.285714285714
219 2.5
220 0.2
221 2.0
222 1.5
223 0.5
224 1.66666666667
225 2.0
226 1.0
227 0.3
228 1.33333333333
229 1.25
230 0.6
231 1.0
232 1.33333333333
233 0.25
234 5.0
235 0.4
236 2.5
237 2.6
238 0.230769230769
239 1.33333333333
240 4.25
241 0.235294117647
242 0.75
243 1.33333333333
244 0.25
245 1.0
246 1.0
247 1.0
248 7.0
249 1.0
250 1.14285714286
251 0.75
252 1.33333333333
253 0.875
254 0.142857142857
255 9.0
256 0.111111111111
257 1.0
258 2.0
259 1.0
260 3.5
261 0.428571428571
262 2.33333333333
263 0.571428571429
264 0.25
265 2.0
266 1.5
267 2.0
268 0.166666666667
269 5.0
270 0.2
271 1.0
272 3.0
273 0.333333333333
274 1.0
275 3.0
276 2.0
277 1.0
278 0.166666666667
279 1.0
280 2.0
281 3.5
282 0.285714285714
283 2.0
284 0.25
285 1.0
286 5.0
287 0.4
288 2.5
289 1.4
290 0.142857142857
291 16.0
292 0.0625
293 6.0
294 0.166666666667
295 8.0
296 1.0
297 0.75
298 1.66666666667
299 0.1
300 3.0
301 1.0
302 2.0
303 0.833333333333
304 0.6
305 1.66666666667
306 0.2
307 1.0
308 3.0
309 0.333333333333
310 4.0
311 1.0
312 0.5
313 2.5
314 0.6
315 0.333333333333
316 4.0
317 0.25
318 3.0
319 0.666666666667
320 0.5
321 6.0
322 1.0
323 0.5
324 2.66666666667
325 0.625
326 0.6
327 1.33333333333
328 1.0
329 0.25
330 1.0
331 4.0
332 0.25
333 2.0
334 2.5
335 0.4
336 2.0
337 0.75
338 0.666666666667
339 1.0
340 2.5
341 0.2
342 5.0
343 1.4
344 0.428571428571
345 0.333333333333
346 5.0
347 1.4
348 0.857142857143
349 0.166666666667
350 1.0
351 6.0
352 1.83333333333
353 0.727272727273
354 0.625
355 0.2
356 1.0
357 3.0
358 1.33333333333
359 0.25
360 7.0
361 1.42857142857
362 0.1
363 1.0
364 2.0
365 10.0
366 0.15
367 0.333333333333
368 19.0
369 0.315789473684
370 1.16666666667
371 0.571428571429
372 1.5
373 0.166666666667
374 1.0
375 2.0
376 2.0
377 0.25
378 4.0
379 0.75
380 1.33333333333
381 1.75
382 0.714285714286
383 0.2
384 1.0
385 7.0
386 0.285714285714
387 1.5
388 1.66666666667
389 0.4
390 2.0
391 0.5
392 2.0
393 1.5
394 0.833333333333
395 0.2
396 7.0
397 0.428571428571
398 0.666666666667
399 0.5
400 4.0
401 1.0
402 1.25
403 0.6
404 1.66666666667
405 0.2
406 1.0
407 2.0
408 2.0
409 0.25
410 15.0
411 0.0666666666667
412 7.0
413 0.142857142857
414 2.0
415 1.0
416 0.5
417 6.0
418 0.5
419 1.0
420 1.33333333333
421 0.25
422 7.0
423 0.142857142857
424 2.0
425 2.5
426 0.6
427 1.33333333333
428 1.0
429 0.25
430 1.0
431 6.0
432 1.33333333333
433 0.5
434 2.25
435 0.111111111111
436 3.0
437 1.66666666667
438 0.6
439 0.666666666667
440 0.5
441 4.0
442 0.5
443 3.5
444 0.142857142857
445 1.0
446 1.0
447 5.0
448 0.6
449 2.0
450 0.666666666667
451 0.25
452 3.0
453 0.333333333333
454 2.0
455 0.5
456 9.0
457 0.555555555556
458 0.8
459 0.5
460 1.0
461 2.0
462 0.75
463 1.0
464 2.33333333333
465 0.714285714286
466 0.8
467 1.75
468 0.142857142857
469 1.0
470 2.0
471 0.5
472 2.0
473 2.0
474 1.25
475 0.2
476 9.0
477 0.111111111111
478 9.0
479 0.666666666667
480 0.833333333333
481 1.0
482 0.6
483 1.0
484 0.333333333333
485 8.0
486 0.5
487 1.0
488 1.0
489 0.25
490 5.0
491 1.4
492 0.142857142857
493 4.0
494 1.75
495 0.857142857143
496 0.666666666667
497 2.25
498 0.222222222222
499 4.5
500 0.333333333333
501 1.66666666667
502 2.0
503 0.2
504 0.5
505 7.0
506 1.0
507 1.14285714286
508 0.125
509 2.0
510 1.0
511 1.5
512 2.0
513 0.5
514 0.333333333333
515 1.0
516 11.0
517 0.727272727273
518 0.5
519 0.25
520 1.0
521 4.0
522 0.25
523 5.0
524 1.4
525 0.142857142857
526 2.0
527 1.0
528 2.0
529 0.25
530 10.0
531 0.6
532 1.16666666667
533 0.571428571429
534 0.5
535 0.5
536 4.0
537 0.25
538 2.0
539 1.5
540 0.333333333333
541 1.0
542 2.0
543 1.5
544 1.66666666667
545 0.2
546 5.0
547 0.4
548 2.0
549 2.25
550 0.333333333333
551 4.33333333333
552 0.230769230769
553 1.33333333333
554 0.25
555 1.0
556 8.0
557 0.125
558 1.0
559 2.0
560 4.5
561 0.444444444444
562 0.25
563 2.0
564 4.0
565 0.75
566 0.166666666667
567 6.0
568 0.166666666667
569 1.0
570 5.0
571 0.2
572 17.0
573 0.0588235294118
574 6.0
575 0.666666666667
576 1.75
577 0.142857142857
578 4.0
579 0.25
580 7.0
581 1.0
582 0.285714285714
583 2.5
584 1.0
585 1.0
586 2.0
587 0.6
588 0.833333333333
589 0.2
590 5.0
591 0.8
592 0.25
593 3.0
594 4.66666666667
595 0.928571428571
596 0.230769230769
597 4.33333333333
598 0.538461538462
599 0.714285714286
600 2.0
601 0.1
602 6.0
603 2.0
604 0.583333333333
605 1.0
606 0.857142857143
607 0.166666666667
608 1.0
609 3.0
610 2.0
611 0.666666666667
612 0.25
613 8.0
614 0.125
615 2.0
616 2.5
617 1.2
618 0.166666666667
619 1.0
620 1.0
621 3.0
622 1.33333333333
623 0.25
624 3.0
625 0.333333333333
626 2.0
627 3.0
628 0.166666666667
629 1.0
630 1.0
631 7.0
632 0.571428571429
633 1.25
634 2.4
635 0.666666666667
636 0.625
637 0.2
638 12.0
639 0.5
640 0.333333333333
641 6.0
642 0.333333333333
643 0.25
644 1.0
645 4.0
646 0.25
647 1.0
648 1.0
649 3.0
650 2.33333333333
651 0.714285714286
652 0.4
653 0.5
654 3.0
655 1.33333333333
656 1.0
657 0.75
658 0.333333333333
659 1.0
660 4.0
661 1.0
662 1.25
663 0.6
664 1.0
665 2.66666666667
666 0.625
667 0.8
668 0.25
669 7.0
670 0.428571428571
671 0.333333333333
672 7.0
673 1.0
674 0.142857142857
675 3.0
676 0.666666666667
677 1.0
678 5.0
679 0.5
680 0.2
681 2.0
682 1.5
683 0.333333333333
684 1.0
685 2.0
686 1.5
687 1.66666666667
688 0.8
689 1.5
690 0.166666666667
691 2.0
692 2.5
693 1.2
694 1.16666666667
695 1.14285714286
696 0.875
697 1.0
698 1.57142857143
699 0.181818181818
700 3.0
701 0.833333333333
702 1.6
703 0.625
704 0.8
705 1.0
706 1.0
707 1.0
708 1.0
709 0.25
710 5.0
711 0.2
712 10.0
713 0.9
714 0.111111111111
715 1.0
716 4.0
717 1.0
718 0.5
719 2.0
720 0.25
721 4.0
722 0.75
723 1.0
724 0.333333333333
725 1.0
726 1.0
727 2.0
728 0.5
729 6.0
730 0.166666666667
731 5.0
732 0.2
733 2.0
734 1.0
735 1.0
736 1.0
737 3.0
738 0.166666666667
739 5.0
740 0.4
741 2.0
742 1.75
743 0.285714285714
744 0.5
745 2.0
746 4.5
747 0.777777777778
748 0.857142857143
749 0.833333333333
750 0.6
751 0.333333333333
752 1.0
753 3.0
754 3.66666666667
755 0.454545454545
756 1.4
757 0.285714285714
758 0.5
759 4.0
760 1.0
761 0.5
762 0.5
763 5.0
764 0.8
765 2.25
766 0.333333333333
767 1.0
768 0.333333333333
