1  1211.0
2  26.0
1  6.0
2  6.0
1  7.0
2  5.0
1  1.0
2  3.0
1  61.0
2  14.0
1  1585.0
2  74.0
1  46.0
2  91.0
1  2.0
2  7.0
1  4280.0
2  172.0
1  33.0
2  16.0
1  11.0
2  12.0
1  12.0
2  19.0
1  45.0
2  13.0
1  18.0
2  39.0
1  53.0
2  17.0
1  14.0
2  33.0
1  5.0
2  17.0
1  8.0
2  27.0
1  8.0
2  8.0
1  8.0
2  7.0
1  26.0
2  1.0
1  3.0
2  6.0
1  18.0
2  5.0
1  9.0
2  5.0
1  1.0
2  26.0
1  15.0
2  19.0
1  1.0
2  13.0
1  9.0
2  15.0
1  1.0
2  23.0
1  7.0
2  10.0
1  18.0
2  6.0
1  6.0
2  0.0
1  13.0
2  0.0
1  6.0
2  9.0
1  3.0
2  7.0
1  4.0
2  19.0
1  1.0
2  4.0
1  20.0
2  22.0
1  19.0
2  4.0
1  10.0
2  7.0
1  0.0
2  2.0
1  18.0
2  7.0
1  20.0
2  3.0
1  7.0
2  7.0
1  8.0
2  155536.0
1  6888.0
2  1422.0
1  15357.0
2  21401.0
1  45105.0
2  44.0
1  11.0
2  16.0
1  3.0
2  14.0
1  60.0
2  153.0
1  69.0
2  14.0
1  2.0
2  2.0
1  8.0
2  18.0
1  43.0
2  176.0
1  44.0
2  58.0
1  1.0
2  1.0
1  3.0
2  4.0
1  19.0
2  8.0
1  5.0
2  12.0
1  97020.0
2  95.0
1  955.0
2  70.0
1  19.0
2  180.0
1  633.0
2  10.0
1  635.0
2  121.0
1  359.0
2  12.0
1  12.0
2  7.0
1  4.0
2  6.0
1  1.0
2  8.0
1  10.0
2  28.0
1  1.0
2  2.0
1  17.0
2  21.0
1  24.0
2  4.0
1  7.0
2  0.0
1  335736.0
2  827.0
1  509120.0
2  493.0
1  184.0
2  17.0
1  1.0
2  2.0
1  5.0
2  13.0
1  3.0
2  1.0
1  13.0
2  12.0
1  6.0
2  11.0
1  2.0
2  5.0
1  10.0
2  7.0
1  3.0
2  35.0
1  31.0
2  28.0
1  96348.0
2  71.0
1  2587366.0
2  76085.0
1  874327.0
2  10.0
1  9.0
2  1.0
1  5.0
2  2.0
1  6.0
2  20.0
1  29.0
2  5.0
1  9.0
2  66.0
1  1259.0
2  14.0
1  3.0
2  1.0
1  13.0
2  9.0
1  1.0
2  23.0
1  4.0
2  8.0
1  7.0
2  2.0
1  8.0
2  11.0
1  10.0
2  35.0
1  11.0
2  25.0
1  8.0
2  28.0
1  6.0
2  25.0
1  5.0
2  44.0
1  11.0
2  9.0
1  3.0
2  6.0
1  2.0
2  24.0
1  3.0
2  1.0
1  11.0
2  9.0
1  8.0
2  19.0
1  1.0
2  18.0
1  0.0
2  12.0
1  27.0
2  10.0
1  13.0
2  23.0
1  7.0
2  13.0
1  2.0
2  16.0
1  4.0
2  10.0
1  1.0
2  3.0
1  2.0
2  2.0
1  53966.0
2  2041.0
1  10101.0
2  8702.0
1  7106.0
2  56.0
1  27.0
2  278.0
1  116.0
2  65.0
1  68.0
2  180.0
1  13.0
2  252.0
1  63.0
2  25.0
1  24.0
2  112.0
1  50.0
2  14.0
1  0.0
2  14.0
1  12.0
2  12.0
1  15.0
2  5.0
1  13.0
2  9.0
1  8.0
2  18.0
1  19.0
2  13.0
1  36.0
2  2.0
1  7.0
2  16.0
1  9.0
2  130.0
1  77.0
2  60.0
1  13.0
2  105.0
1  42.0
2  178.0
1  174868.0
2  33.0
1  4.0
2  4.0
1  27.0
2  17.0
1  14.0
2  21.0
1  21.0
2  11.0
1  10.0
2  0.0
1  3.0
2  3.0
1  26.0
2  42.0
1  36.0
2  49.0
1  83.0
2  5.0
1  0.0
2  3.0
1  45.0
2  30.0
1  58.0
2  52.0
1  127.0
2  21.0
1  3.0
2  51.0
1  47.0
2  28.0
1  3.0
2  8.0
1  30.0
2  44.0
1  281944.0
2  289.0
1  15946.0
2  682.0
1  277.0
2  59.0
1  52253.0
2  365.0
1  1288.0
2  8917.0
1  39.0
2  57.0
1  47.0
2  105.0
1  16.0
2  22.0
1  1.0
2  2.0
1  24.0
2  439.0
1  79.0
2  1885367.0
1  93.0
2  91.0
1  1758216.0
2  27020.0
1  3471.0
2  3971.0
1  30277.0
2  315.0
1  7372.0
2  89904.0
1  838767.0
2  253.0
1  31.0
2  50.0
1  22.0
2  9.0
1  0.0
2  17.0
1  17.0
2  12.0
1  8.0
2  1.0
1  8.0
2  2.0
1  2.0
2  13.0
1  6.0
2  288.0
1  19.0
2  165.0
1  17794.0
2  9.0
1  15.0
2  42.0
1  11.0
2  16.0
1  74714.0
2  104.0
1  33.0
2  122.0
1  3221.0
2  3077.0
1  76708.0
2  116.0
1  91.0
2  1179.0
1  92136.0
2  227.0
1  27.0
2  20.0
1  31.0
2  52.0
1  46.0
2  193.0
1  64.0
2  385.0
1  33.0
2  691.0
1  66.0
2  17.0
1  140.0
2  12.0
1  6.0
2  11.0
1  34.0
2  13.0
1  11.0
2  16.0
1  15.0
2  25.0
1  23.0
2  14.0
1  7.0
2  13.0
1  9.0
2  9.0
1  4.0
2  18.0
1  25.0
2  14.0
1  32.0
2  13.0
1  15.0
2  3.0
1  7.0
2  15.0
1  6.0
2  1.0
1  63.0
2  18.0
1  11.0
2  12.0
1  26.0
2  70.0
1  28.0
2  26.0
1  13.0
2  3.0
1  13.0
2  1.0
1  53.0
2  1.0
1  27.0
2  13.0
1  24.0
2  11.0
1  13.0
2  116.0
1  18.0
2  65.0
1  10.0
2  3.0
1  47.0
2  10.0
1  8.0
2  23.0
1  0.0
2  9.0
1  31.0
2  16.0
1  2.0
2  15.0
1  3.0
2  2.0
1  17.0
2  8.0
1  10.0
2  9.0
1  0.0
2  19.0
1  0.0
2  76.0
1  8.0
2  12.0
1  10.0
2  2.0
1  15.0
2  17.0
1  6.0
2  13.0
1  14.0
2  41.0
1  38.0
2  10.0
1  1.0
2  9.0
1  6.0
2  16.0
1  56.0
2  7.0
1  7.0
2  13.0
1  9.0
2  6.0
1  10.0
2  6.0
1  9.0
2  10.0
1  12.0
2  9.0
1  47.0
2  75.0
1  42.0
2  29.0
1  33.0
2  2.0
1  3.0
2  23.0
1  11.0
2  11.0
1  26.0
2  4.0
1  17.0
2  15.0
1  2.0
2  13.0
1  35.0
2  95.0
1  66.0
2  41.0
1  27.0
2  34.0
1  10.0
2  13.0
1  102.0
2  11.0
1  15.0
2  10.0
1  10.0
2  7.0
1  8.0
2  8.0
1  5.0
2  6.0
1  69.0
2  490.0
1  34.0
2  154.0
1  179.0
2  27.0
1  14.0
2  23.0
1  6.0
2  15.0
1  2.0
2  591.0
1  81.0
2  94.0
1  24.0
2  7.0
1  8.0
2  17.0
1  10.0
2  49.0
1  28.0
2  1249.0
1  26.0
2  357.0
1  62.0
2  42930.0
1  2383.0
2  4996.0
1  23.0
2  99.0
1  51.0
2  63.0
1  52.0
2  221.0
1  81.0
2  375208.0
1  66.0
2  12.0
1  34.0
2  45.0
1  10.0
2  38.0
1  14.0
2  34.0
1  2106424.0
2  1866.0
1  27196.0
2  15.0
1  12.0
2  1.0
1  11.0
2  4.0
1  9.0
2  10.0
1  122.0
2  10.0
1  14.0
2  10.0
1  735.0
2  446.0
1  35.0
2  16.0
1  13.0
2  66.0
1  17.0
2  14.0
1  60893.0
2  8723.0
1  247.0
2  171.0
1  136.0
2  4107.0
1  773.0
2  44.0
1  75.0
2  5.0
1  52.0
2  20.0
1  478.0
2  871.0
1  497934.0
2  2043.0
1  118029.0
2  58.0
1  186.0
2  137.0
1  115.0
2  16.0
1  1.0
2  4.0
1  168559.0
2  17.0
1  13.0
2  58.0
1  88.0
2  2085.0
1  52.0
2  17.0
1  11.0
2  67.0
1  25.0
2  43.0
1  42.0
2  57.0
1  30.0
2  635.0
1  51496.0
2  35.0
1  18138.0
2  77.0
1  43.0
2  219.0
1  167.0
2  90237.0
1  950817.0
2  430.0
1  45.0
2  36.0
1  10.0
2  2.0
1  13.0
2  11.0
1  14.0
2  109.0
1  97387.0
2  144.0
1  864741.0
2  22.0
1  135.0
2  217.0
1  27.0
2  439.0
1  657595.0
2  14480.0
