0 0
2 2.0
3 2.5
4 2.0
5 0.3
6 0.333333333333
7 3.0
8 4.0
9 0.75
10 0.222222222222
11 1.5
12 0.333333333333
13 17.0
14 0.117647058824
15 4.5
16 0.111111111111
17 6.0
18 0.5
19 1.0
20 2.66666666667
21 0.625
22 0.8
23 2.25
24 0.111111111111
25 7.0
26 0.857142857143
27 1.83333333333
28 0.272727272727
29 0.333333333333
30 1.0
31 3.0
32 1.66666666667
33 0.6
34 1.0
35 0.666666666667
36 3.0
37 1.0
38 0.166666666667
39 3.0
40 1.33333333333
41 0.5
42 2.0
43 0.25
44 2.0
45 0.5
46 12.0
47 0.75
48 0.666666666667
49 0.5
50 0.333333333333
51 3.0
52 1.0
53 0.333333333333
54 3.0
55 1.66666666667
56 0.2
57 4.0
58 0.25
59 1.0
60 5.0
61 0.2
62 8.0
63 0.125
64 1.0
65 2.0
66 6.0
67 0.0833333333333
68 4.0
69 0.75
70 0.333333333333
71 8.0
72 0.375
73 0.666666666667
74 2.0
75 0.25
76 6.0
77 0.166666666667
78 6.0
79 0.5
80 1.33333333333
81 1.5
82 1.0
83 0.833333333333
84 1.0
85 0.8
86 1.0
87 1.75
88 0.428571428571
89 1.0
90 2.0
91 0.333333333333
92 1.0
93 2.0
94 0.25
95 1.0
96 9.0
97 0.111111111111
98 1.0
99 3.0
100 0.333333333333
101 6.0
102 0.5
103 0.333333333333
104 2.0
105 0.5
106 5.0
107 1.6
108 0.875
109 0.285714285714
110 2.0
111 0.5
112 1.0
113 2.5
114 0.8
115 0.75
116 0.333333333333
117 1.0
118 1.0
119 7.0
120 0.714285714286
121 1.8
122 0.555555555556
123 0.8
124 0.25
125 1.0
126 5.0
127 1.2
128 2.83333333333
129 0.235294117647
130 0.75
131 1.33333333333
132 0.25
133 4.0
134 1.5
135 0.333333333333
136 1.5
137 8.66666666667
138 0.153846153846
139 1.0
140 1.75
141 0.428571428571
142 1.0
143 2.33333333333
144 0.428571428571
145 0.666666666667
146 3.0
147 0.666666666667
148 0.75
149 0.333333333333
150 4.0
151 0.25
152 1.0
153 7.0
154 0.285714285714
155 1.0
156 0.5
157 1.0
158 1.0
159 3.0
160 0.666666666667
161 1.0
162 0.5
163 1.0
164 2.0
165 0.5
166 1.0
167 1.0
168 1.0
169 3.0
170 1.33333333333
171 1.5
172 1.33333333333
173 1.875
174 0.6
175 2.33333333333
176 0.047619047619
177 7.0
178 1.14285714286
179 0.125
180 4.0
181 0.25
182 9.0
183 0.111111111111
184 2.0
185 6.0
186 0.25
187 1.0
188 1.0
189 0.333333333333
190 8.0
191 0.125
192 2.0
193 2.0
194 0.25
195 10.0
196 0.5
197 0.2
198 4.0
199 1.5
200 0.333333333333
201 0.5
202 1.0
203 7.0
204 0.428571428571
205 2.33333333333
206 0.142857142857
207 9.0
208 1.0
209 2.66666666667
210 0.208333333333
211 4.2
212 0.142857142857
213 0.333333333333
214 1.0
215 1.0
216 1.0
217 3.0
218 1.33333333333
219 0.75
220 1.0
221 2.33333333333
222 1.85714285714
223 0.0769230769231
224 1.0
225 7.0
226 1.57142857143
227 0.727272727273
228 0.125
229 5.0
230 0.8
231 0.25
232 3.0
233 0.333333333333
234 4.0
235 2.75
236 0.727272727273
237 0.625
238 0.4
239 0.5
240 5.0
241 0.4
242 4.5
243 0.888888888889
244 0.625
245 1.0
246 1.2
247 0.333333333333
248 1.5
249 1.0
250 0.666666666667
251 4.0
252 0.125
253 3.0
254 0.333333333333
255 4.0
256 0.25
257 1.0
258 12.0
259 0.0833333333333
260 8.0
261 0.375
262 1.0
263 0.333333333333
264 2.0
265 1.0
266 0.5
267 9.0
268 0.111111111111
269 9.0
270 0.222222222222
271 0.5
272 7.0
273 0.142857142857
274 18.0
275 0.0555555555556
276 14.0
277 0.428571428571
278 2.5
279 0.2
280 1.66666666667
281 0.2
282 2.0
283 0.5
284 1.0
285 1.0
286 1.0
287 2.0
288 1.0
289 3.0
290 0.666666666667
291 0.75
292 0.666666666667
293 1.0
294 2.0
295 0.25
296 2.0
297 1.0
298 3.0
299 0.166666666667
300 1.0
301 3.0
302 2.0
303 0.166666666667
304 7.0
305 0.571428571429
306 0.25
307 9.0
308 0.333333333333
309 1.33333333333
310 0.75
311 3.0
312 0.777777777778
313 0.142857142857
314 6.0
315 0.166666666667
316 4.0
317 2.5
318 0.4
319 0.75
320 1.66666666667
321 0.4
322 3.5
323 0.714285714286
324 0.8
325 2.0
326 0.375
327 2.0
328 0.166666666667
329 22.0
330 0.0909090909091
331 4.0
332 0.125
333 9.0
334 0.777777777778
335 0.142857142857
336 10.0
337 0.6
338 0.5
339 0.333333333333
340 8.0
341 0.375
342 1.0
343 2.66666666667
344 0.5
345 1.5
346 0.333333333333
347 3.0
348 0.333333333333
349 3.0
350 0.666666666667
351 3.25
352 0.230769230769
353 6.0
354 0.0555555555556
355 1.0
356 3.0
357 0.333333333333
358 4.0
359 1.75
360 0.428571428571
361 3.66666666667
362 1.18181818182
363 0.538461538462
364 0.571428571429
365 1.5
366 0.833333333333
367 0.8
368 0.25
369 4.0
370 0.5
371 0.5
372 1.0
373 6.0
374 0.666666666667
375 0.25
376 7.0
377 0.714285714286
378 0.2
379 4.0
380 0.25
381 1.0
382 10.0
383 0.5
384 0.2
385 6.0
386 1.0
387 0.166666666667
388 1.0
389 10.0
390 0.4
391 1.75
392 0.714285714286
393 1.2
394 0.166666666667
395 2.0
396 1.5
397 2.0
398 0.333333333333
399 5.0
400 0.2
401 2.0
402 1.25
403 1.4
404 1.42857142857
405 1.2
406 0.0833333333333
407 1.0
408 6.0
409 0.166666666667
410 3.0
411 0.666666666667
412 2.0
413 0.5
414 3.5
415 1.0
416 0.285714285714
417 0.5
418 30.0
419 0.133333333333
420 1.5
421 0.5
422 0.333333333333
423 8.0
424 1.25
425 0.7
426 0.142857142857
427 1.0
428 1.0
429 10.0
430 0.1
431 1.0
432 7.0
433 1.28571428571
434 0.777777777778
435 1.71428571429
436 1.33333333333
437 1.0
438 0.0625
439 4.0
440 0.75
441 1.33333333333
442 0.25
443 2.0
444 1.5
445 0.333333333333
446 9.0
447 0.777777777778
448 0.428571428571
449 1.66666666667
450 0.6
451 4.66666666667
452 0.142857142857
453 1.5
454 1.0
455 1.0
456 0.333333333333
457 14.0
458 0.214285714286
459 0.333333333333
460 3.0
461 1.0
462 1.33333333333
463 1.5
464 0.333333333333
465 2.5
466 1.4
467 0.428571428571
468 0.666666666667
469 2.5
470 0.2
471 3.0
472 0.333333333333
473 2.0
474 1.0
475 1.5
476 2.0
477 0.5
478 1.0
479 0.666666666667
480 0.5
481 5.0
482 0.2
483 4.0
484 1.0
485 2.25
486 0.444444444444
487 0.75
488 1.0
489 3.0
490 0.111111111111
491 1.0
492 1.0
493 4.0
494 0.25
495 2.0
496 0.5
497 2.0
498 0.5
499 3.0
500 1.66666666667
501 4.4
502 0.636363636364
503 0.357142857143
504 0.2
505 6.0
506 0.833333333333
507 0.8
508 1.25
