0 0
2 6.0
3 0.5
4 0.333333333333
5 10.0
6 0.3
7 0.333333333333
8 1.0
9 5.0
10 1.6
11 0.5
12 0.25
13 4.0
14 1.25
15 0.2
16 1.0
17 2.0
18 6.0
19 0.166666666667
20 0.5
21 4.0
22 1.75
23 0.714285714286
24 1.2
25 1.33333333333
26 0.75
27 0.333333333333
28 2.5
29 1.0
30 1.0
31 0.2
32 10.0
33 0.1
34 4.0
35 1.25
36 2.0
37 0.7
38 0.142857142857
39 10.0
40 0.1
41 4.0
42 1.0
43 2.0
44 0.125
45 10.0
46 1.2
47 1.16666666667
48 0.0714285714286
49 5.0
50 0.2
51 1.0
52 1.0
53 5.0
54 2.8
55 0.0714285714286
56 7.0
57 1.0
58 1.42857142857
59 0.8
60 0.125
61 4.0
62 1.0
63 0.75
64 1.0
65 0.333333333333
66 3.0
67 0.333333333333
68 1.0
69 9.0
70 0.777777777778
71 0.142857142857
72 3.0
73 3.0
74 0.111111111111
75 8.0
76 0.875
77 0.428571428571
78 2.0
79 0.166666666667
80 2.0
81 0.5
82 5.0
83 0.2
84 4.0
85 4.25
86 0.117647058824
87 2.5
88 0.2
89 2.0
90 1.5
91 2.0
92 0.333333333333
93 0.5
94 1.0
95 9.0
96 0.222222222222
97 0.5
98 1.0
99 6.0
100 0.166666666667
101 1.0
102 5.0
103 1.0
104 0.2
105 1.0
106 3.0
107 0.666666666667
108 1.5
109 0.666666666667
110 1.0
111 1.0
112 3.0
113 0.166666666667
114 6.0
115 1.5
116 0.111111111111
117 3.0
118 0.333333333333
119 1.0
120 8.0
121 0.125
122 4.0
123 1.5
124 0.166666666667
125 5.0
126 0.8
127 0.25
128 5.0
129 0.4
130 0.5
131 5.0
132 1.6
133 1.0
134 0.125
135 5.0
136 1.2
137 0.666666666667
138 1.0
139 0.25
140 5.0
141 0.2
142 8.0
143 0.625
144 0.2
145 9.0
146 0.111111111111
147 11.0
148 0.0909090909091
149 4.0
150 0.75
151 2.33333333333
152 1.28571428571
153 0.111111111111
154 4.0
155 1.0
156 0.75
157 0.666666666667
158 4.5
159 0.777777777778
160 0.142857142857
161 6.0
162 1.66666666667
163 0.3
164 1.33333333333
165 0.5
166 0.5
167 3.0
168 2.0
169 1.0
170 0.833333333333
171 1.0
172 0.6
173 2.33333333333
174 0.142857142857
175 1.0
176 5.0
177 1.4
178 0.714285714286
179 0.2
180 2.0
181 4.5
182 0.333333333333
183 2.0
184 1.0
185 1.0
186 0.166666666667
187 2.0
188 1.0
189 1.5
190 0.333333333333
191 1.0
192 3.0
193 1.66666666667
194 1.4
195 0.571428571429
196 0.25
197 1.0
198 3.0
199 0.333333333333
200 3.0
201 1.0
202 1.66666666667
203 0.8
204 2.25
205 0.111111111111
206 5.0
207 0.8
208 2.0
209 0.75
210 1.16666666667
211 0.857142857143
212 0.166666666667
213 1.0
214 1.0
215 9.0
216 0.333333333333
217 1.66666666667
218 1.2
219 1.83333333333
220 1.09090909091
221 0.0833333333333
222 5.0
223 1.0
224 0.6
225 0.333333333333
226 8.0
227 0.75
228 1.83333333333
229 0.727272727273
230 0.375
231 2.0
232 0.333333333333
233 1.0
234 3.5
235 0.857142857143
236 0.5
237 1.66666666667
238 0.2
239 5.0
240 2.0
241 0.3
242 1.33333333333
243 1.5
244 0.166666666667
245 6.0
246 0.166666666667
247 5.0
248 1.2
249 0.166666666667
250 4.0
251 1.5
252 0.833333333333
253 0.6
254 1.33333333333
255 1.0
256 0.5
257 0.5
258 4.0
259 0.75
260 0.333333333333
261 1.0
262 7.0
263 0.428571428571
264 2.33333333333
265 0.285714285714
266 3.5
267 0.714285714286
268 1.0
269 1.0
270 0.6
271 2.0
272 0.166666666667
273 7.0
274 0.428571428571
275 0.333333333333
276 8.0
277 0.5
278 1.0
279 1.25
280 0.2
281 1.0
282 8.0
283 0.5
284 0.25
285 4.0
286 1.25
287 0.8
288 1.25
289 2.0
290 0.5
291 0.8
292 1.0
293 0.25
294 4.0
295 1.75
296 0.285714285714
297 2.0
298 1.0
299 1.0
300 1.0
301 1.25
302 0.4
303 5.5
304 0.636363636364
305 1.28571428571
306 0.666666666667
307 1.0
308 1.5
309 0.555555555556
310 1.4
311 1.71428571429
312 0.75
313 0.666666666667
314 0.666666666667
315 0.25
316 13.0
317 0.0769230769231
318 1.0
319 2.0
320 2.0
321 1.5
322 0.666666666667
323 1.75
324 1.28571428571
325 0.111111111111
326 2.0
327 0.5
328 3.0
329 1.0
330 1.33333333333
331 1.25
332 1.8
333 0.666666666667
334 0.166666666667
335 7.0
336 0.571428571429
337 0.25
338 1.0
339 4.0
340 0.25
341 4.0
342 0.5
343 0.5
344 1.0
345 5.0
346 1.4
347 0.571428571429
348 0.75
349 0.333333333333
350 8.0
351 0.375
352 1.66666666667
353 0.8
354 1.5
355 1.0
356 0.833333333333
357 0.2
358 3.0
359 5.0
360 0.666666666667
361 0.6
362 0.166666666667
363 2.0
364 0.5
365 2.0
366 2.0
367 0.25
368 1.0
369 2.0
370 2.0
371 0.5
372 3.5
373 0.428571428571
374 1.33333333333
375 0.5
376 1.0
377 1.0
378 3.0
379 0.666666666667
380 0.25
381 2.0
382 0.5
383 5.0
384 0.6
385 2.0
386 1.0
387 0.666666666667
388 0.25
389 8.0
390 0.125
391 4.0
392 0.25
393 1.0
394 3.0
395 2.33333333333
396 1.57142857143
397 0.272727272727
398 0.333333333333
399 2.0
400 3.5
401 0.857142857143
402 1.0
403 0.166666666667
404 1.0
405 6.0
406 0.333333333333
407 5.5
408 0.0909090909091
409 3.0
410 5.33333333333
411 0.375
412 1.0
413 0.166666666667
414 7.0
415 0.142857142857
416 5.0
417 1.2
418 0.166666666667
419 4.0
420 0.25
421 2.0
422 1.0
423 1.5
424 1.66666666667
425 0.4
426 0.5
427 1.0
428 3.0
429 0.333333333333
430 1.0
431 4.0
432 0.5
433 0.5
434 1.0
435 1.0
436 3.0
437 0.666666666667
438 1.0
439 0.5
440 13.0
441 0.230769230769
442 1.0
443 0.333333333333
444 10.0
445 1.2
446 0.0833333333333
447 6.0
448 0.166666666667
449 3.0
450 1.33333333333
451 1.5
452 0.166666666667
453 2.0
454 4.0
455 0.125
456 6.0
457 0.333333333333
458 1.0
459 3.5
460 0.714285714286
461 1.4
462 0.714285714286
463 0.4
464 1.5
465 0.333333333333
466 2.0
467 4.5
468 0.222222222222
469 2.0
470 0.25
471 5.0
472 1.0
473 0.2
474 1.0
475 7.0
476 0.142857142857
477 5.0
478 1.2
479 0.166666666667
480 3.0
481 0.333333333333
482 7.0
483 0.571428571429
484 0.25
485 4.0
486 1.0
487 0.75
488 2.33333333333
489 0.571428571429
490 2.0
491 0.125
492 5.0
493 1.2
494 1.0
495 1.66666666667
496 0.1
497 3.0
498 0.333333333333
499 3.0
500 1.33333333333
501 0.25
502 1.0
503 1.0
504 5.0
505 0.6
506 0.333333333333
507 1.0
508 4.0
509 0.75
510 0.333333333333
511 2.0
512 0.5
513 9.0
514 0.888888888889
515 0.875
516 0.571428571429
517 0.5
518 2.5
519 0.2
520 1.0
521 2.0
522 1.5
523 0.333333333333
524 3.0
525 2.0
526 0.166666666667
527 3.0
528 0.333333333333
529 6.0
530 0.166666666667
531 3.0
532 2.33333333333
533 0.142857142857
534 6.0
535 0.166666666667
536 6.0
537 1.33333333333
538 0.125
539 8.0
540 0.625
541 0.4
542 1.5
543 0.333333333333
544 3.0
545 1.33333333333
546 0.75
547 0.333333333333
548 2.0
549 0.5
550 4.0
551 2.0
552 0.125
553 4.0
554 0.75
555 2.33333333333
556 0.142857142857
557 3.0
558 1.0
559 1.33333333333
560 1.0
561 2.0
562 0.5
563 1.25
564 0.4
565 2.0
566 0.25
567 10.0
568 0.2
569 1.0
570 1.5
571 0.333333333333
572 1.0
573 3.0
574 0.666666666667
575 2.5
576 1.0
577 0.4
578 3.0
579 1.5
580 0.666666666667
581 0.166666666667
582 1.0
583 1.0
584 6.0
585 0.5
586 2.33333333333
587 0.857142857143
588 0.666666666667
589 0.25
590 7.0
591 0.571428571429
592 1.25
593 1.0
594 1.2
595 0.833333333333
596 1.6
597 0.625
598 0.6
599 0.333333333333
600 3.0
601 1.0
602 4.66666666667
603 0.0714285714286
604 6.0
605 0.166666666667
606 5.0
607 0.6
608 0.666666666667
609 1.5
610 1.33333333333
611 0.25
612 7.0
613 0.142857142857
614 8.0
615 0.125
616 3.0
617 1.0
618 2.33333333333
619 0.142857142857
620 1.0
621 2.0
622 0.5
623 4.0
624 3.25
625 0.0769230769231
626 1.0
627 2.0
628 0.5
629 2.0
630 4.0
631 0.125
632 1.0
633 1.0
634 2.0
635 1.5
636 0.333333333333
637 2.0
638 2.0
639 1.0
640 2.0
641 0.5
642 0.25
643 1.0
644 2.0
645 0.5
646 5.0
647 1.0
648 1.2
649 0.166666666667
650 1.0
651 3.0
652 1.0
653 1.0
654 3.0
655 1.22222222222
656 0.545454545455
657 0.5
658 0.333333333333
659 1.0
660 2.0
661 3.5
662 1.14285714286
663 0.125
664 8.0
665 0.375
666 0.666666666667
667 1.5
668 0.666666666667
669 1.0
670 2.0
671 1.25
672 0.6
673 2.66666666667
674 0.75
675 0.5
676 3.0
677 0.444444444444
678 0.25
679 7.0
680 0.857142857143
681 1.16666666667
682 0.714285714286
683 0.4
684 1.0
685 1.5
686 2.33333333333
687 0.857142857143
688 0.166666666667
689 3.0
690 2.0
691 0.166666666667
692 11.0
693 0.0909090909091
694 2.0
695 3.5
696 0.142857142857
697 4.0
698 0.25
699 6.0
700 1.16666666667
701 0.142857142857
702 6.0
703 0.166666666667
704 5.0
705 0.2
706 1.0
707 3.0
708 0.333333333333
709 1.0
710 1.0
711 1.0
712 5.0
713 0.6
714 0.333333333333
715 6.0
716 0.333333333333
717 3.5
718 0.142857142857
719 4.0
720 0.25
721 5.0
722 0.2
723 5.0
724 0.8
725 0.5
726 0.5
727 2.0
728 1.5
729 0.333333333333
730 2.0
731 1.0
732 0.5
733 4.0
734 1.5
735 0.666666666667
736 0.25
737 5.0
738 0.6
739 0.333333333333
740 1.0
741 2.0
742 0.5
743 2.0
744 2.5
745 0.4
746 2.5
747 1.0
748 1.0
749 1.6
750 0.125
751 6.0
752 0.166666666667
753 4.0
754 0.25
755 2.0
756 7.5
757 0.0666666666667
758 1.0
759 1.0
760 5.0
761 1.0
762 0.8
763 0.5
764 0.5
765 2.0
766 4.0
767 0.125
768 2.0
769 2.0
770 0.25
771 9.0
772 1.11111111111
773 0.1
774 2.0
775 1.0
776 0.5
777 1.0
778 9.0
779 0.888888888889
780 0.125
781 6.0
782 0.833333333333
783 0.2
784 6.0
785 0.166666666667
786 1.0
787 1.0
788 7.0
789 1.0
790 0.142857142857
791 1.0
792 4.0
793 0.25
794 5.0
795 4.6
796 0.608695652174
797 0.785714285714
798 0.636363636364
799 0.571428571429
800 1.25
801 0.2
802 5.0
803 0.4
804 0.0
804 0
806 1.0
807 5.0
808 0.733333333333
809 0.0909090909091
810 10.0
811 0.1
812 6.0
813 0.166666666667
814 2.0
815 0.5
816 1.0
817 3.0
818 2.66666666667
819 0.125
820 5.0
821 1.0
822 0.2
823 1.0
824 3.0
825 1.66666666667
826 0.2
827 4.0
828 0.75
829 1.0
830 3.66666666667
831 0.0909090909091
832 10.0
833 0.1
834 8.0
835 0.125
