1  3836.0
2  123740.0
1  23692.0
2  16673.0
1  1466.0
2  78.0
1  73672.0
2  97171.0
1  5373.0
2  72.0
1  5.0
2  131.0
1  32.0
2  33.0
1  23.0
2  94.0
1  2.0
2  49.0
1  11.0
2  14.0
1  33.0
2  12.0
1  44.0
2  30.0
1  16.0
2  61.0
1  11.0
2  4.0
1  44.0
2  10.0
1  10.0
2  5.0
1  23.0
2  21.0
1  1.0
2  17.0
1  8.0
2  7.0
1  0.0
2  18.0
1  15.0
2  69.0
1  15.0
2  38.0
1  11.0
2  9.0
1  7.0
2  114.0
1  36.0
2  5.0
1  11.0
2  85.0
1  46.0
2  85.0
1  1.0
2  17.0
1  1.0
2  5.0
1  10.0
2  33.0
1  79.0
2  40.0
1  2589.0
2  397706.0
1  3096.0
2  22591.0
1  2836.0
2  492.0
1  2653.0
2  41106.0
1  18504.0
2  67488.0
1  19416.0
2  15921.0
1  7814.0
2  83000.0
1  5331.0
2  81376.0
1  66.0
2  246.0
1  0.0
2  5.0
1  62.0
2  77.0
1  67.0
2  121.0
1  8.0
2  37.0
1  52.0
2  29.0
1  2.0
2  23.0
1  14.0
2  33.0
1  23.0
2  25.0
1  48.0
2  38.0
1  65.0
2  31.0
1  29.0
2  126.0
1  34.0
2  140.0
1  29.0
2  120.0
1  110.0
2  291.0
1  843.0
2  240.0
1  218.0
2  58.0
1  20.0
2  54.0
1  26.0
2  20.0
1  178.0
2  70.0
1  4572.0
2  42153.0
1  116056.0
2  10186.0
1  2500537.0
2  32130.0
1  20887.0
2  22842.0
1  5619.0
2  69.0
1  78043.0
2  1559.0
1  1740.0
2  157.0
1  81786.0
2  3590.0
1  35.0
2  57.0
1  7050.0
2  84212.0
1  524031.0
2  79087.0
1  3652.0
2  504.0
1  41.0
2  31.0
1  104.0
2  166.0
1  42.0
2  41.0
1  214.0
2  23.0
1  19.0
2  86.0
1  131.0
2  13.0
1  8.0
2  288.0
1  264.0
2  29283.0
1  25797.0
2  25380.0
1  1749.0
2  116.0
1  17.0
2  9.0
1  18.0
2  2.0
1  6.0
2  3.0
1  26.0
2  11.0
1  5.0
2  29.0
1  16.0
2  35.0
1  30.0
2  19.0
1  5.0
2  7.0
1  4.0
2  121.0
1  1.0
2  29.0
1  90.0
2  12.0
1  21.0
2  24.0
1  2.0
2  3.0
1  18.0
2  17.0
1  61.0
2  133432.0
1  512063.0
2  14773.0
1  66781.0
2  8356.0
1  28392.0
2  15521.0
1  11803.0
2  25062.0
1  164.0
2  4442.0
1  64623.0
2  36354.0
1  19775.0
2  5393.0
1  2442.0
2  261.0
1  819.0
2  48282.0
1  12729.0
2  1270.0
1  2014.0
2  7392.0
1  13808.0
2  88387.0
1  45234.0
2  3656.0
1  2023.0
2  4371.0
1  113.0
2  659.0
1  72.0
2  75.0
1  1495.0
2  208.0
1  26497.0
2  214976.0
1  41718.0
2  419.0
1  706.0
2  250.0
1  169972.0
2  3765.0
1  35.0
2  33.0
1  14.0
2  97.0
1  31.0
2  9.0
1  1.0
2  17.0
1  8.0
2  7.0
1  68.0
2  27.0
1  80.0
2  14.0
1  49.0
2  143.0
1  154.0
2  43.0
1  20.0
2  52.0
1  130.0
2  103.0
1  4.0
2  15.0
1  25.0
2  18.0
1  20.0
2  28.0
1  6.0
2  7.0
1  16.0
2  16.0
1  20.0
2  20.0
1  26.0
2  28.0
1  12.0
2  15.0
1  7.0
2  31.0
1  9.0
2  3.0
1  0.0
2  5.0
1  54.0
2  30.0
1  11.0
2  10.0
1  4.0
2  16.0
1  16.0
2  7.0
1  7.0
2  20.0
1  7.0
2  33.0
1  11.0
2  17.0
1  19.0
2  30.0
1  134.0
2  52.0
1  19.0
2  12.0
1  7.0
2  22.0
1  22.0
2  58.0
1  14.0
2  119.0
1  8.0
2  2.0
1  28.0
2  2.0
1  3.0
2  64.0
1  29.0
2  101.0
1  302768.0
2  26457.0
1  49.0
2  1932201.0
1  47530.0
2  41023.0
1  84.0
2  61.0
1  79.0
2  50.0
1  205324.0
2  7584.0
1  69593.0
2  14490.0
1  431825.0
2  3356.0
1  131.0
2  131.0
1  76.0
2  285.0
1  34813.0
2  3389.0
1  12.0
2  25.0
1  17.0
2  1.0
1  13.0
2  10.0
1  32.0
2  286538.0
1  825.0
2  89.0
1  215.0
2  77100.0
1  7662.0
2  13951.0
1  2586.0
2  2995.0
1  268.0
2  195.0
1  69.0
2  38.0
1  23.0
2  36.0
1  138.0
2  92.0
1  71922.0
2  4517.0
1  95042.0
2  2712.0
1  26.0
2  48.0
1  92.0
2  60.0
1  35.0
2  8.0
1  18.0
2  18.0
1  10.0
2  22.0
1  15.0
2  34.0
1  38.0
2  25.0
1  8.0
2  19.0
1  43.0
2  66.0
1  38.0
2  219.0
1  16.0
2  18.0
1  1.0
2  52.0
1  38.0
2  20.0
1  40.0
2  8.0
1  9.0
2  56.0
1  40.0
2  53.0
1  13.0
2  21.0
1  10.0
2  15.0
1  9.0
2  3.0
1  22.0
2  13.0
1  1.0
2  18.0
1  12.0
2  17.0
1  6.0
2  41.0
1  13.0
2  12.0
1  21.0
2  18.0
1  103.0
2  29.0
1  37.0
2  7.0
1  29.0
2  13.0
1  16.0
2  32.0
1  7.0
2  51.0
1  21.0
2  97.0
1  113.0
2  91.0
1  30.0
2  309.0
1  108.0
2  98.0
1  43.0
2  81.0
1  3.0
2  8.0
1  23.0
2  17.0
1  4.0
2  17.0
1  15.0
2  14.0
1  18.0
2  46.0
1  15.0
2  4.0
1  1.0
2  38.0
1  27.0
2  19.0
1  2.0
2  9.0
1  6.0
2  45.0
1  24.0
2  28.0
1  56.0
2  31.0
1  93.0
2  43.0
1  42.0
2  10.0
1  30.0
2  1257875.0
1  42408.0
2  1595.0
1  23.0
2  39416.0
1  86681.0
2  840.0
1  147.0
2  9756.0
1  39.0
2  2275.0
1  722.0
2  107677.0
1  6393.0
2  38572.0
1  132197.0
2  950076.0
1  596.0
2  41.0
1  27.0
2  0.0
1  13.0
2  17.0
1  8.0
2  15.0
1  17.0
2  21.0
1  6.0
2  9.0
1  137.0
2  13.0
1  6.0
2  17.0
1  4.0
2  1.0
1  17.0
2  27.0
1  12.0
2  24.0
1  17.0
2  11.0
1  12.0
2  8.0
1  5.0
2  27.0
1  15.0
2  2.0
1  7.0
2  0.0
1  6.0
2  61.0
1  58.0
2  41.0
1  198.0
2  369.0
1  1865.0
2  717.0
1  242.0
2  36.0
1  9.0
2  12.0
1  7.0
2  86649.0
1  71728.0
2  2995.0
1  12833.0
2  82976.0
1  32.0
2  113.0
1  33.0
2  21.0
1  273.0
2  62.0
1  42.0
2  4.0
1  8.0
2  53.0
1  3.0
2  17.0
1  112.0
2  64.0
1  4994.0
2  427438.0
1  262.0
2  38.0
1  54.0
2  56.0
1  30.0
2  42.0
1  42.0
2  43.0
1  261.0
2  75.0
1  134.0
2  74.0
1  103.0
2  195.0
1  4555.0
2  169189.0
1  1132.0
2  20.0
1  23.0
2  63.0
1  87.0
2  486.0
1  472397.0
2  7535.0
1  265952.0
2  3477.0
1  743.0
2  246.0
1  12506.0
2  3238.0
1  138465.0
2  6100.0
1  308.0
2  56.0
1  71.0
2  594.0
1  690.0
2  50.0
1  85.0
2  36.0
1  154.0
2  80.0
1  136.0
2  183.0
1  34.0
2  31.0
1  22.0
2  256.0
1  74.0
2  30001720.0
1  3790.0
2  14068.0
1  38176.0
2  5041.0
1  1249.0
2  10280.0
1  14060.0
2  5583.0
1  1200429.0
