0 0
2 0.25
3 6.0
4 1.0
5 0.833333333333
6 0.4
7 7.5
8 0.0666666666667
9 5.0
10 0.8
11 0.75
12 1.33333333333
13 1.0
14 1.75
15 1.28571428571
16 1.33333333333
17 0.25
18 1.33333333333
19 1.0
20 0.75
21 3.66666666667
22 0.818181818182
23 0.444444444444
24 1.5
25 1.16666666667
26 0.142857142857
27 5.0
28 0.8
29 2.25
30 0.555555555556
31 1.2
32 1.16666666667
33 1.14285714286
34 0.5
35 0.25
36 5.0
37 0.2
38 1.0
39 5.0
40 0.8
41 1.25
42 1.4
43 0.714285714286
44 0.8
45 1.25
46 0.8
47 1.75
48 0.285714285714
49 2.5
50 1.2
51 0.833333333333
52 2.8
53 0.642857142857
54 0.888888888889
55 1.125
56 0.666666666667
57 0.333333333333
58 1.5
59 2.0
60 1.5
61 0.333333333333
62 2.0
63 0.5
64 0.333333333333
65 4.0
66 1.25
67 1.0
68 0.2
69 7.0
70 0.142857142857
71 7.0
72 1.14285714286
73 1.25
74 1.5
75 0.4
76 0.666666666667
77 2.0
78 0.75
79 0.166666666667
80 7.0
81 1.0
82 0.571428571429
83 1.75
84 1.28571428571
85 0.555555555556
86 0.8
87 2.0
88 0.875
89 0.571428571429
90 0.25
91 4.0
92 0.5
93 2.0
94 0.25
95 6.0
96 0.166666666667
97 3.0
98 2.0
99 0.666666666667
100 0.5
101 2.0
102 2.75
103 1.09090909091
104 0.416666666667
105 0.8
106 0.0
106 0
107 0
108 0
110 1.2
111 0.166666666667
112 4.0
113 0.75
114 0.333333333333
115 6.0
116 0.5
117 0.666666666667
118 1.0
119 4.0
120 0.25
121 2.5
122 0.6
123 0.333333333333
124 11.0
125 0.454545454545
126 0.4
127 3.0
128 1.16666666667
129 0.714285714286
130 0.8
131 0.25
132 7.0
133 0.142857142857
134 5.0
135 0.2
136 11.0
137 0.0909090909091
138 4.0
139 1.5
140 1.33333333333
141 0.625
142 0.2
143 5.0
144 1.0
145 1.8
146 0.333333333333
147 1.66666666667
148 1.4
149 0.857142857143
150 0.333333333333
151 3.0
152 0.166666666667
153 10.0
154 0.5
155 1.8
156 0.333333333333
157 2.0
158 1.0
159 1.5
160 0.111111111111
161 1.0
162 4.0
163 0.25
164 4.0
165 0.25
166 4.0
167 1.25
168 0.6
169 0.333333333333
170 6.0
171 0.166666666667
172 3.0
173 0.333333333333
174 5.0
175 0.8
176 1.0
177 0.25
178 1.0
179 1.0
180 1.0
181 4.0
182 0.5
183 2.0
184 0.25
185 2.0
186 1.5
187 0.666666666667
188 1.0
189 2.0
190 0.25
191 5.0
192 0.2
193 1.0
194 7.0
195 0.285714285714
196 1.5
197 1.33333333333
198 0.0
198 0
200 3.0
201 1.0
202 1.0
203 1.33333333333
204 0.25
205 2.0
206 1.0
207 0.5
208 3.0
209 1.0
210 3.66666666667
211 1.0
212 1.18181818182
213 0.307692307692
214 0.25
215 1.0
216 4.0
217 0.25
218 6.0
219 0.5
220 1.66666666667
221 1.0
222 1.0
223 0.4
224 3.0
225 0.833333333333
226 0.6
227 0.333333333333
228 8.0
229 1.0
230 0.625
231 3.2
232 0.375
233 0.666666666667
234 0.25
235 12.0
236 0.0833333333333
237 4.0
238 1.5
239 1.16666666667
240 0.714285714286
241 1.8
242 0.666666666667
243 1.16666666667
244 0.714285714286
245 0.8
246 0.25
247 6.0
248 0.166666666667
249 7.0
250 0.714285714286
251 1.0
252 0.6
253 1.66666666667
254 1.6
255 0.75
256 0.5
257 3.33333333333
258 0.2
259 0.5
260 9.0
261 0.555555555556
262 0.2
263 6.0
264 1.83333333333
265 0.0909090909091
266 10.0
267 0.5
268 0.8
269 2.5
270 0.1
271 1.0
272 3.0
273 2.66666666667
274 0.125
275 3.0
276 2.66666666667
277 1.5
278 0.833333333333
279 0.2
280 5.0
281 0.2
282 3.0
283 0.833333333333
284 1.0
285 1.2
286 0.666666666667
287 1.75
288 2.71428571429
289 0.368421052632
290 2.0
291 0.0714285714286
292 5.0
293 0.4
294 1.0
295 1.0
296 0.5
297 1.0
298 1.0
299 1.0
300 5.0
301 1.6
302 1.375
303 0.0909090909091
304 6.0
305 4.83333333333
306 0.206896551724
307 1.0
308 0.5
309 2.33333333333
310 0.857142857143
311 0.5
312 3.33333333333
313 1.0
314 0.5
315 0.2
316 7.0
317 0.142857142857
318 5.0
319 0.2
320 5.0
321 0.4
322 2.5
323 0.2
324 5.0
325 0.2
326 8.0
327 1.25
328 0.3
329 1.0
330 1.66666666667
331 2.6
332 0.0769230769231
333 4.0
334 1.5
335 1.33333333333
336 2.125
337 0.588235294118
338 0.7
339 0.571428571429
340 4.0
341 0.6875
342 0.181818181818
343 5.5
344 0.636363636364
345 0.857142857143
346 0.833333333333
347 0.8
348 0.25
349 8.0
350 0.25
351 3.5
352 0.571428571429
353 0.5
354 1.5
355 2.33333333333
356 0.571428571429
357 0.5
358 0.5
359 5.0
360 0.6
361 1.0
362 1.0
363 0.666666666667
364 0.5
365 1.0
366 2.0
367 0.5
368 2.0
369 1.0
370 1.0
371 1.5
372 2.33333333333
373 0.428571428571
374 0.333333333333
375 1.0
376 1.0
377 1.0
378 2.0
379 2.5
380 1.0
381 0.2
382 1.0
383 6.0
384 0.166666666667
385 6.0
386 0.166666666667
387 1.0
388 1.0
389 2.0
390 0.5
391 6.0
392 0.166666666667
393 1.0
394 1.0
395 1.0
396 1.0
397 3.0
398 0.666666666667
399 2.5
400 0.2
401 4.0
402 0.25
403 1.0
404 2.0
405 2.0
406 1.0
407 0.25
408 3.0
409 0.666666666667
410 1.0
411 0.5
412 7.0
413 1.0
414 0.857142857143
415 0.166666666667
416 7.0
417 0.142857142857
418 3.0
419 2.0
420 0.166666666667
421 3.0
422 1.0
423 2.33333333333
424 1.0
425 0.428571428571
426 0.666666666667
427 2.0
428 0.75
429 0.333333333333
430 5.0
431 1.4
432 0.857142857143
433 0.333333333333
434 1.5
435 2.33333333333
436 0.714285714286
437 0.8
438 1.25
439 0.6
440 1.0
441 1.66666666667
442 1.8
443 0.111111111111
444 13.0
445 0.538461538462
446 0.285714285714
447 2.5
448 2.2
449 0.727272727273
450 1.5
451 0.0833333333333
452 5.0
453 0.6
454 1.0
455 1.33333333333
456 0.25
457 4.0
458 1.75
459 0.571428571429
460 2.5
461 0.4
462 2.25
463 0.222222222222
464 3.5
465 1.0
466 0.285714285714
467 1.5
468 1.0
469 1.33333333333
470 0.75
471 3.0
472 1.0
473 0.666666666667
474 1.5
475 0.555555555556
476 0.8
477 0.25
478 12.0
479 0.75
480 0.333333333333
481 1.33333333333
482 1.5
483 0.166666666667
484 5.0
485 1.0
486 1.2
487 0.166666666667
488 7.0
489 0.142857142857
490 6.0
491 0.333333333333
492 3.5
493 1.0
494 2.0
495 0.357142857143
496 1.0
497 0.6
498 1.0
499 1.66666666667
500 1.0
501 1.2
502 2.5
503 0.466666666667
504 0.285714285714
505 1.0
506 0.5
507 5.0
508 1.2
509 0.166666666667
510 6.0
511 0.833333333333
512 1.0
513 0.6
514 0.333333333333
515 3.0
516 0.333333333333
517 11.0
518 0.272727272727
519 2.33333333333
520 0.714285714286
521 0.6
522 1.33333333333
523 1.5
524 1.16666666667
525 0.142857142857
526 5.0
527 0.2
528 3.0
529 0.666666666667
530 2.5
531 2.0
532 0.3
533 3.33333333333
534 0.4
535 1.0
536 1.25
537 0.6
538 1.0
539 0.666666666667
540 4.5
541 0.111111111111
542 14.0
543 0.857142857143
544 0.666666666667
545 0.5
546 0.75
547 1.33333333333
548 2.5
549 0.6
550 0.5
551 3.0
552 1.11111111111
553 0.5
554 2.4
555 0.583333333333
556 1.85714285714
557 1.07692307692
558 0.642857142857
559 0.666666666667
560 1.0
561 4.5
562 0.851851851852
563 0.217391304348
564 1.0
565 2.4
566 0.416666666667
567 1.4
568 0.428571428571
569 8.0
570 0.583333333333
571 0.857142857143
572 1.16666666667
573 0.142857142857
574 1.5
575 1.66666666667
576 1.2
577 1.83333333333
578 0.909090909091
579 2.1
580 0.47619047619
581 0.5
582 1.0
583 3.8
584 0.473684210526
585 0.777777777778
586 0.714285714286
587 2.8
588 0.357142857143
589 1.6
590 0.625
591 0.8
592 1.75
593 0.571428571429
594 6.0
595 0.458333333333
596 0.454545454545
597 2.0
598 2.7
599 0.592592592593
600 1.5
601 0.25
602 2.33333333333
603 0.285714285714
604 3.5
605 0.714285714286
606 1.5
607 0.333333333333
608 1.6
609 2.125
610 1.0
611 0.588235294118
612 1.0
613 1.0
614 0.5
615 1.6
616 1.0
617 1.5
618 1.58333333333
619 0.421052631579
620 0.5
621 1.5
622 0.166666666667
623 8.0
624 0.625
625 2.0
626 1.7
627 0.352941176471
628 4.33333333333
629 0.269230769231
630 0.857142857143
631 0.666666666667
632 3.5
633 0.428571428571
634 1.83333333333
635 1.18181818182
636 0.461538461538
637 0.5
638 2.66666666667
639 0.125
640 3.0
641 2.0
642 0.166666666667
643 5.0
644 0.6
645 0.333333333333
646 2.0
647 3.0
648 0.833333333333
649 0.8
650 0.25
651 4.0
652 1.75
653 0.714285714286
654 1.2
655 0.333333333333
656 3.0
657 0.166666666667
658 4.0
659 0.5
660 2.0
661 1.0
662 5.25
663 0.333333333333
664 0.571428571429
665 1.0
666 0.25
667 8.0
668 0.25
669 1.5
670 1.33333333333
671 0.25
672 1.0
673 6.0
674 0.166666666667
675 8.0
676 0.5
677 0.25
678 3.0
679 1.66666666667
680 0.2
681 2.0
