0 0
2 0.428571428571
3 0.666666666667
4 3.0
5 0.833333333333
6 1.6
7 0.375
8 3.33333333333
9 0.5
10 6.2
11 0.161290322581
12 0.2
13 9.0
14 0.444444444444
15 0.5
16 2.5
17 0.6
18 0.333333333333
19 8.0
20 0.125
21 4.0
22 0.75
23 2.66666666667
24 0.625
25 1.2
26 1.16666666667
27 0.285714285714
28 0.5
29 8.0
30 1.0
31 1.0
32 0.125
33 11.0
34 0.454545454545
35 1.6
36 1.0
37 0.5
38 0.5
39 5.0
40 0.8
41 1.875
42 0.466666666667
43 0.428571428571
44 7.33333333333
45 0.363636363636
46 0.25
47 0.5
48 2.0
49 3.0
50 0.166666666667
51 14.0
52 0.0714285714286
53 7.0
54 0.857142857143
55 0.5
56 1.66666666667
57 0.2
58 5.0
59 0.2
60 1.0
61 7.0
62 1.14285714286
63 1.25
64 0.3
65 0.666666666667
66 1.0
67 1.5
68 2.33333333333
69 0.571428571429
70 0.5
71 0.5
72 3.0
73 2.33333333333
74 1.57142857143
75 0.363636363636
76 0.75
77 2.66666666667
78 0.875
79 0.428571428571
80 0.666666666667
81 1.0
82 1.0
83 0.5
84 6.0
85 1.33333333333
86 1.375
87 0.818181818182
88 0.333333333333
89 1.0
90 1.0
91 1.0
92 3.0
93 0.333333333333
94 1.66666666667
95 4.4
96 0.0454545454545
97 5.0
98 2.0
99 0.7
100 0.714285714286
101 1.0
102 1.6
103 1.0
104 1.0
105 1.0
106 1.25
107 3.3
108 0.545454545455
109 0.222222222222
110 2.5
111 0.5
112 2.0
113 0.2
114 2.5
115 0.4
116 10.5
117 0.142857142857
118 6.33333333333
119 0.842105263158
120 0.625
121 0.1
122 13.0
123 0.461538461538
124 0.666666666667
125 0.25
126 1.0
127 7.0
128 0.285714285714
129 2.5
130 0.2
131 11.0
132 0.545454545455
133 0.833333333333
134 2.4
135 0.666666666667
136 0.75
137 1.33333333333
138 0.875
139 1.28571428571
140 0.333333333333
141 0.333333333333
142 3.0
143 1.0
144 3.0
145 0.111111111111
146 5.0
147 1.2
148 1.33333333333
149 0.25
150 2.5
151 0.4
152 0.5
153 5.0
154 0.2
155 2.0
156 3.0
157 0.166666666667
158 6.0
159 0.333333333333
160 3.5
161 0.857142857143
162 1.33333333333
163 0.875
164 1.0
165 1.14285714286
166 0.625
167 2.2
168 0.0909090909091
169 11.0
170 0.636363636364
171 0.714285714286
172 1.0
173 2.6
174 1.23076923077
175 0.875
176 0.285714285714
177 1.75
178 0.857142857143
179 1.16666666667
180 0.857142857143
181 0.166666666667
182 7.0
183 1.0
184 0.142857142857
185 4.0
186 1.75
187 1.14285714286
188 1.375
189 0.272727272727
190 1.66666666667
191 1.6
192 0.5
193 2.5
194 0.9
195 0.888888888889
196 0.25
197 0.5
198 4.0
199 0.75
200 1.66666666667
201 1.6
202 0.625
203 0.2
204 1.0
205 2.0
206 1.5
207 0.666666666667
208 1.0
209 4.0
210 0.5
211 2.25
212 0.888888888889
213 1.125
214 0.555555555556
215 1.4
216 1.28571428571
217 1.22222222222
218 0.272727272727
219 1.33333333333
220 1.0
221 0.25
222 7.0
223 0.285714285714
224 3.5
225 0.285714285714
226 0.0
226 0
228 1.16666666667
229 1.0
230 2.14285714286
231 0.0666666666667
232 6.0
233 0.166666666667
234 8.0
235 0.0
235 0
237 0.8
238 0.75
239 2.33333333333
240 0.571428571429
241 3.25
242 0.307692307692
243 1.5
244 0.833333333333
245 2.4
246 1.0
247 0.166666666667
248 1.5
249 1.33333333333
250 1.0
251 0.25
252 4.0
253 0.75
254 1.33333333333
255 0.75
256 1.0
257 1.0
258 0.666666666667
259 0.0
259 0
260 0
262 2.0
263 0.1
264 1.0
265 13.0
266 0.0769230769231
267 6.0
268 0.666666666667
269 1.25
270 0.8
271 0.5
272 2.0
273 3.0
274 0.5
275 0.333333333333
276 2.0
277 0.25
278 5.0
279 1.0
280 1.0
281 0.4
282 4.5
283 0.666666666667
284 1.0
285 1.0
286 1.33333333333
287 0.25
288 5.0
289 0.1
290 4.0
291 0.75
292 2.33333333333
293 0.571428571429
294 1.25
295 1.4
296 1.28571428571
297 0.555555555556
298 0.8
299 0.25
300 11.0
301 0.363636363636
302 0.25
303 2.0
304 0.5
305 8.0
306 0.375
307 1.0
308 1.0
309 1.66666666667
310 0.6
311 0.333333333333
312 1.0
313 1.0
314 9.0
315 0.555555555556
316 0.4
317 2.0
318 2.25
319 0.777777777778
320 1.0
321 1.0
322 0.857142857143
323 1.0
324 0.666666666667
325 0.25
326 4.0
327 1.5
328 0.666666666667
329 1.75
330 0.142857142857
331 6.0
332 0.5
333 0.333333333333
334 2.0
335 2.5
336 1.0
337 0.8
338 0.25
339 3.0
340 3.33333333333
341 0.2
342 2.5
343 1.4
344 0.142857142857
345 7.0
346 1.42857142857
347 0.1
348 5.0
349 0.6
350 1.0
351 0.666666666667
352 1.0
353 1.0
354 1.0
355 1.0
356 4.0
357 0.875
358 0.857142857143
359 0.333333333333
360 1.5
361 1.66666666667
362 2.6
363 0.538461538462
364 0.857142857143
365 1.0
366 1.5
367 1.88888888889
368 0.470588235294
369 0.125
370 8.0
371 0.5
372 1.25
373 1.0
374 1.4
375 0.285714285714
376 2.0
377 1.5
378 1.0
379 0.166666666667
380 3.0
381 1.33333333333
382 0.0
382 0
384 1.0
385 1.16666666667
386 0.428571428571
387 3.0
388 0.666666666667
389 1.0
390 0.833333333333
391 1.2
392 0.666666666667
393 1.75
394 0.428571428571
395 0.666666666667
396 7.0
397 0.428571428571
398 0.5
399 0.333333333333
400 14.0
401 0.0714285714286
402 5.0
403 0.8
404 3.75
405 0.266666666667
406 2.5
407 0.8
408 0.625
409 0.8
410 0.5
411 6.5
412 0.153846153846
413 1.5
414 0.333333333333
415 4.0
416 0.25
417 3.0
418 0.333333333333
419 3.0
420 2.66666666667
421 0.5
422 2.5
423 0.1
424 7.0
425 0.428571428571
426 1.0
427 0.333333333333
428 5.0
429 1.0
430 1.8
431 0.555555555556
432 1.6
433 1.25
434 0.4
435 0.75
436 3.66666666667
437 0.363636363636
438 2.0
439 0.875
440 1.0
441 0.285714285714
442 4.5
443 0.111111111111
444 3.0
445 2.33333333333
446 0.142857142857
447 4.0
448 1.0
449 1.75
450 0.142857142857
451 1.0
452 6.0
453 1.0
454 0.833333333333
455 0.2
456 3.0
457 0.666666666667
458 0.5
459 4.0
460 2.25
461 0.222222222222
462 2.5
463 1.0
464 1.4
465 0.714285714286
466 1.2
467 1.16666666667
468 1.0
469 0.857142857143
470 0.5
471 1.0
472 2.66666666667
473 0.75
474 0.666666666667
475 1.75
476 1.0
477 0.857142857143
478 1.0
479 0.666666666667
480 1.5
481 1.5
482 0.333333333333
483 5.66666666667
484 0.176470588235
485 2.33333333333
486 1.57142857143
487 0.727272727273
488 1.0
489 0.75
490 0.666666666667
491 0.5
492 0.5
493 1.0
494 6.0
495 0.833333333333
496 0.2
497 5.0
498 0.6
499 5.33333333333
500 0.4375
501 1.71428571429
502 0.5
503 1.0
504 1.0
505 0.333333333333
506 1.5
507 1.0
508 1.0
509 1.0
510 2.0
511 0.166666666667
512 9.0
513 0.666666666667
514 1.0
515 0.166666666667
516 2.0
517 3.0
518 0.833333333333
519 1.6
520 0.875
521 0.142857142857
522 4.0
523 1.25
524 0.6
525 3.0
526 0.222222222222
527 4.0
528 0.875
529 0.571428571429
530 3.25
531 0.692307692308
532 0.555555555556
533 1.2
534 0.833333333333
535 0.2
536 3.0
537 4.33333333333
538 0.615384615385
539 0.75
540 0.166666666667
541 5.0
542 0.8
543 0.25
544 4.0
545 4.0
546 0.75
547 0.5
548 0.666666666667
549 1.25
550 1.4
551 0.571428571429
552 4.25
553 0.352941176471
554 0.666666666667
555 1.25
556 0.2
557 4.0
558 0.25
559 4.0
560 3.0
561 1.0
562 1.0
563 0.666666666667
564 0.375
565 0.666666666667
566 3.5
567 0.285714285714
568 3.0
569 0.666666666667
570 2.75
571 1.18181818182
572 0.153846153846
573 0.5
574 3.0
575 2.66666666667
576 0.625
577 0.4
578 1.5
579 1.66666666667
580 1.6
581 0.75
582 0.833333333333
583 1.0
584 1.6
585 1.5
586 0.833333333333
587 0.4
588 2.75
589 0.454545454545
590 0.6
591 4.66666666667
592 0.0714285714286
593 10.0
594 1.3
595 0.230769230769
596 3.0
597 0.555555555556
598 1.4
599 0.428571428571
600 1.0
601 1.33333333333
602 1.0
603 1.0
604 1.75
605 0.571428571429
606 2.75
607 0.818181818182
608 1.55555555556
609 0.357142857143
610 1.6
611 0.5
612 2.5
613 1.1
614 1.0
615 0.454545454545
616 1.0
617 0.8
618 2.5
619 1.2
620 0.916666666667
621 1.45454545455
622 0.5625
623 1.0
624 1.0
625 1.22222222222
626 0.454545454545
627 1.4
628 0.857142857143
629 1.66666666667
630 0.9
631 1.66666666667
632 0.933333333333
633 0.214285714286
634 7.66666666667
635 0.0869565217391
636 10.0
637 0.85
638 0.470588235294
639 1.125
640 2.22222222222
641 0.35
642 2.28571428571
643 0.25
644 1.75
645 2.14285714286
646 0.2
647 1.66666666667
648 0.6
649 5.66666666667
650 0.529411764706
651 0.555555555556
652 1.2
653 1.5
654 0.222222222222
655 2.5
656 1.4
657 1.85714285714
658 0.538461538462
659 1.28571428571
660 2.0
661 1.61111111111
662 0.241379310345
663 0.857142857143
664 1.5
665 0.444444444444
666 14.0
667 0.107142857143
668 3.33333333333
669 1.55
670 0.58064516129
671 0.833333333333
672 0.8
673 1.0
674 0.416666666667
675 0.2
676 10.0
677 0.7
678 1.0
679 1.0
680 2.0
681 2.21428571429
682 0.774193548387
683 0.125
684 4.66666666667
685 0.5
686 2.57142857143
687 0.5
688 2.11111111111
689 0.736842105263
690 0.642857142857
691 2.11111111111
692 0.736842105263
693 0.642857142857
694 2.44444444444
695 0.272727272727
696 2.0
697 0.916666666667
698 2.27272727273
699 0.32
700 0.75
701 3.83333333333
702 0.434782608696
703 1.7
704 0.588235294118
705 2.4
706 0.208333333333
707 1.8
708 2.11111111111
709 0.526315789474
710 0.4
711 2.25
712 1.33333333333
713 0.5
714 1.66666666667
715 1.1
716 0.272727272727
717 3.33333333333
718 0.6
719 3.83333333333
720 0.478260869565
721 1.36363636364
722 0.666666666667
723 0.3
724 0.333333333333
725 5.0
726 0.6
727 4.66666666667
728 1.28571428571
729 0.277777777778
730 2.0
731 0.9
732 1.66666666667
733 1.13333333333
734 0.588235294118
735 0.3
736 0.333333333333
737 8.0
738 0.75
739 1.0
740 0.166666666667
741 2.0
742 1.5
743 1.0
744 1.66666666667
745 1.2
746 2.16666666667
747 0.615384615385
748 0.125
749 7.0
750 0.142857142857
751 8.0
752 0.125
753 9.0
754 0.888888888889
755 0.25
756 6.0
757 0.666666666667
758 0.125
759 14.0
760 0.214285714286
761 4.66666666667
762 0.5
763 0.285714285714
764 5.5
765 0.545454545455
766 2.33333333333
767 0.0714285714286
768 5.0
769 0.8
770 1.5
771 0.166666666667
772 7.0
773 0.571428571429
774 0.75
775 0.666666666667
776 3.5
777 1.14285714286
778 0.25
779 5.5
780 0.272727272727
781 2.0
782 1.33333333333
783 0.625
784 1.8
785 0.222222222222
786 4.0
787 1.375
