0
0
0
86460.0
600.0
0.0
480.0
0.0
60.0
60.0
0.0
0.0
60.0
0.0
0.0
0.0
0.0
0.0
60.0
0.0
0.0
0.0
60.0
0.0
0.0
0.0
0.0
0.0
0.0
60.0
0.0
0.0
0.0
60.0
0.0
0.0
60.0
0.0
60.0
60.0
60.0
60.0
60.0
0.0
300.0
0.0
780.0
1380.0
0.0
480.0
180.0
0.0
0.0
0.0
0.0
0.0
0.0
0.0
60.0
60.0
180.0
180.0
60.0
60.0
60.0
0.0
0.0
0.0
0.0
0.0
0.0
0.0
0.0
60.0
60.0
0.0
0.0
0.0
0.0
0.0
0.0
0.0
60.0
60.0
0.0
0.0
0.0
0.0
0.0
0.0
0.0
60.0
60.0
0.0
0.0
60.0
60.0
0.0
60.0
0.0
0.0
60.0
60.0
60.0
0.0
60.0
60.0
60.0
120.0
0.0
0.0
0.0
0.0
0.0
0.0
0.0
0.0
60.0
0.0
0.0
60.0
60.0
0.0
0.0
0.0
0.0
60.0
0.0
60.0
0.0
60.0
120.0
0.0
0.0
0.0
0.0
0.0
0.0
0.0
0.0
0.0
5160.0
720.0
1740.0
60.0
5100.0
60.0
5160.0
120.0
180.0
0.0
60.0
0.0
0.0
0.0
60.0
60.0
60.0
0.0
0.0
60.0
0.0
0.0
0.0
0.0
0.0
0.0
60.0
60.0
0.0
0.0
0.0
60.0
0.0
0.0
0.0
0.0
60.0
0.0
60.0
300.0
0.0
0.0
60.0
0.0
60.0
0.0
0.0
60.0
0.0
0.0
60.0
660.0
60.0
60.0
60.0
480.0
2400.0
2400.0
1080.0
300.0
300.0
720.0
0.0
0.0
0.0
0.0
0.0
0.0
60.0
0.0
0.0
60.0
60.0
60.0
0.0
60.0
60.0
0.0
120.0
60.0
0.0
60.0
660.0
240.0
240.0
240.0
0.0
240.0
60.0
60.0
60.0
300.0
23400.0
5100.0
60.0
60.0
60.0
1140.0
0.0
0.0
300.0
0.0
0.0
120.0
11340.0
11340.0
11340.0
39540.0
35040.0
180.0
1080480.0
2520.0
2520.0
2520.0
2700.0
60.0
60.0
60.0
60.0
60.0
60.0
60.0
1320.0
0.0
6900.0
0.0
0.0
0.0
0.0
240.0
0.0
0.0
60.0
660.0
0.0
0.0
29580.0
0.0
0.0
0.0
0.0
0.0
0.0
0.0
0.0
0.0
0.0
60.0
60.0
0.0
0.0
0.0
0.0
60.0
60.0
0.0
0.0
60.0
60.0
60.0
0.0
60.0
60.0
0.0
0.0
0.0
60.0
0.0
0.0
0.0
0.0
0.0
0.0
0.0
0.0
0.0
0.0
0.0
0.0
60.0
0.0
0.0
0.0
0.0
0.0
0.0
0.0
60.0
0.0
60.0
0.0
60.0
0.0
0.0
0.0
0.0
60.0
60.0
60.0
0.0
0.0
60.0
60.0
0.0
0.0
0.0
60.0
0.0
60.0
0.0
0.0
0.0
60.0
0.0
60.0
0.0
60.0
60.0
60.0
120.0
120.0
0.0
0.0
60.0
60.0
60.0
60.0
0.0
60.0
0.0
0.0
60.0
0.0
0.0
0.0
60.0
60.0
0.0
0.0
0.0
60.0
0.0
0.0
60.0
60.0
60.0
60.0
0.0
60.0
60.0
60.0
0.0
60.0
60.0
0.0
0.0
60.0
60.0
0.0
0.0
60.0
60.0
0.0
120.0
0.0
0.0
0.0
0.0
60.0
36960.0
6300.0
9120.0
60.0
0.0
60.0
0.0
0.0
0.0
0.0
0.0
120.0
0.0
0.0
0.0
60.0
60.0
0.0
0.0
60.0
60.0
0.0
0.0
0.0
0.0
0.0
0.0
0.0
0.0
0.0
0.0
0.0
0.0
0.0
0.0
0.0
0.0
0.0
0.0
0.0
0.0
0.0
4224000.0
1320.0
3780.0
0.0
0.0
0.0
0.0
0.0
60.0
60.0
60.0
0.0
0.0
0.0
0.0
0.0
0.0
0.0
0.0
60.0
0.0
0.0
0.0
0.0
0.0
0.0
0.0
0.0
60.0
0.0
0.0
0.0
0.0
60.0
0.0
0.0
60.0
0.0
0.0
60.0
0.0
0.0
0.0
0.0
0.0
60.0
0.0
0.0
0.0
0.0
0.0
0.0
0.0
60.0
0.0
0.0
0.0
0.0
0.0
0.0
0.0
0.0
60.0
0.0
60.0
0.0
0.0
0.0
60.0
0.0
0.0
0.0
0.0
0.0
0.0
60.0
0.0
0.0
0.0
0.0
0.0
0.0
0.0
0.0
0.0
0.0
60.0
0.0
0.0
0.0
0.0
0.0
0.0
0.0
0.0
0.0
0.0
0.0
0.0
0.0
60.0
0.0
0.0
0.0
0.0
0.0
60.0
0.0
0.0
0.0
0.0
0.0
0.0
0.0
0.0
0.0
0.0
0.0
0.0
0.0
0.0
0.0
0.0
0.0
0.0
0.0
0.0
0.0
0.0
0.0
0.0
0.0
0.0
60.0
60.0
0.0
120.0
120.0
120.0
120.0
0.0
60.0
60.0
60.0
60.0
60.0
240.0
0.0
0.0
0.0
0.0
0.0
0.0
0.0
0.0
0.0
60.0
0.0
0.0
0.0
0.0
60.0
60.0
60.0
0.0
0.0
0.0
60.0
0.0
0.0
60.0
0.0
0.0
0.0
60.0
0.0
0.0
0.0
60.0
0.0
0.0
0.0
0.0
0.0
0.0
0.0
0.0
0.0
0.0
0.0
0.0
60.0
60.0
60.0
60.0
0.0
0.0
0.0
0.0
240.0
240.0
240.0
12000.0
0.0
0.0
0.0
0.0
0.0
60.0
60.0
0.0
0.0
60.0
60.0
60.0
120.0
0.0
0.0
0.0
0.0
0.0
120.0
0.0
60.0
60.0
60.0
60.0
0.0
0.0
0.0
60.0
0.0
60.0
0.0
0.0
0.0
0.0
60.0
0.0
0.0
0.0
0.0
60.0
0.0
0.0
0.0
60.0
0.0
60.0
0.0
120.0
120.0
120.0
120.0
120.0
0.0
0.0
0.0
0.0
0.0
0.0
0.0
0.0
0.0
0.0
0.0
0.0
0.0
60.0
0.0
0.0
0.0
0.0
0.0
0.0
0.0
60.0
60.0
960.0
960.0
60.0
60.0
3540.0
0.0
0.0
0.0
0.0
0.0
0.0
0.0
60.0
0.0
60.0
0.0
60.0
0.0
60.0
0.0
60.0
0.0
0.0
0.0
60.0
60.0
60.0
60.0
0.0
0.0
0.0
0.0
0.0
0.0
120.0
60.0
60.0
60.0
0.0
0.0
0.0
0.0
60.0
0.0
60.0
60.0
60.0
60.0
120.0
0.0
0.0
60.0
