8040.0
0.0
480.0
60.0
0.0
60.0
0.0
0.0
0.0
0.0
60.0
60.0
0.0
0.0
60.0
0.0
60.0
0.0
0.0
60.0
0.0
60.0
0.0
0.0
0.0
60.0
0.0
60.0
60.0
0.0
0.0
0.0
0.0
0.0
780.0
8280.0
1380.0
0.0
480.0
120.0
180.0
180.0
0.0
0.0
0.0
0.0
60.0
180.0
60.0
0.0
60.0
60.0
60.0
60.0
0.0
60.0
0.0
0.0
0.0
0.0
0.0
60.0
0.0
0.0
0.0
60.0
60.0
0.0
60.0
0.0
60.0
0.0
0.0
0.0
0.0
60.0
60.0
0.0
0.0
0.0
0.0
0.0
0.0
120.0
0.0
0.0
0.0
0.0
0.0
0.0
60.0
0.0
0.0
0.0
0.0
60.0
0.0
0.0
60.0
120.0
60.0
0.0
0.0
0.0
0.0
5160.0
5160.0
720.0
60.0
60.0
25980.0
120.0
120.0
180.0
0.0
60.0
0.0
60.0
60.0
60.0
0.0
60.0
0.0
0.0
60.0
60.0
0.0
0.0
60.0
0.0
0.0
60.0
0.0
0.0
60.0
0.0
60.0
0.0
0.0
0.0
60.0
0.0
0.0
0.0
0.0
0.0
60.0
60.0
180.0
660.0
60.0
480.0
2400.0
1080.0
300.0
720.0
0.0
60.0
0.0
0.0
0.0
60.0
0.0
0.0
60.0
0.0
60.0
0.0
60.0
60.0
60.0
0.0
0.0
0.0
60.0
60.0
60.0
240.0
60.0
240.0
60.0
60.0
60.0
32520.0
5100.0
60.0
60.0
1140.0
9540.0
60.0
12960.0
180.0
120.0
60.0
120.0
120.0
120.0
11340.0
39540.0
300.0
180.0
1080480.0
1080480.0
1080480.0
2520.0
420.0
60.0
1320.0
0.0
6900.0
0.0
60.0
0.0
0.0
240.0
60.0
0.0
60.0
0.0
29580.0
29580.0
120.0
0.0
0.0
60.0
0.0
0.0
60.0
60.0
60.0
0.0
0.0
0.0
0.0
0.0
0.0
0.0
60.0
60.0
60.0
60.0
60.0
0.0
60.0
0.0
0.0
60.0
0.0
0.0
0.0
0.0
0.0
0.0
0.0
0.0
0.0
0.0
60.0
0.0
0.0
0.0
60.0
0.0
0.0
0.0
60.0
0.0
0.0
0.0
60.0
0.0
0.0
60.0
0.0
0.0
0.0
0.0
60.0
60.0
0.0
0.0
0.0
0.0
60.0
60.0
0.0
120.0
0.0
0.0
60.0
60.0
0.0
60.0
60.0
60.0
60.0
60.0
60.0
0.0
60.0
0.0
60.0
120.0
0.0
60.0
60.0
60.0
60.0
60.0
120.0
0.0
60.0
60.0
60.0
0.0
0.0
60.0
0.0
60.0
0.0
180.0
0.0
60.0
60.0
60.0
0.0
0.0
60.0
60.0
0.0
60.0
0.0
60.0
0.0
0.0
60.0
0.0
0.0
60.0
0.0
0.0
0.0
0.0
60.0
0.0
60.0
0.0
120.0
120.0
0.0
0.0
0.0
60.0
36960.0
1800.0
0.0
0.0
0.0
0.0
0.0
0.0
0.0
0.0
60.0
0.0
60.0
0.0
60.0
0.0
0.0
0.0
0.0
0.0
60.0
0.0
0.0
0.0
0.0
0.0
0.0
0.0
0.0
0.0
0.0
0.0
0.0
60.0
0.0
0.0
60.0
0.0
0.0
0.0
0.0
0.0
0.0
0.0
0.0
0.0
0.0
0.0
0.0
0.0
0.0
0.0
0.0
0.0
0.0
0.0
1320.0
3780.0
3780.0
0.0
0.0
0.0
0.0
0.0
0.0
60.0
0.0
60.0
60.0
0.0
60.0
0.0
0.0
0.0
0.0
0.0
0.0
0.0
0.0
0.0
60.0
0.0
0.0
0.0
60.0
0.0
0.0
0.0
0.0
60.0
0.0
0.0
0.0
0.0
60.0
0.0
60.0
0.0
0.0
0.0
0.0
60.0
60.0
0.0
0.0
0.0
0.0
0.0
60.0
0.0
0.0
0.0
0.0
0.0
60.0
0.0
0.0
0.0
0.0
0.0
0.0
0.0
60.0
0.0
0.0
0.0
0.0
60.0
0.0
0.0
60.0
0.0
0.0
0.0
0.0
0.0
0.0
0.0
60.0
0.0
0.0
0.0
60.0
0.0
0.0
0.0
0.0
0.0
0.0
0.0
0.0
0.0
0.0
0.0
0.0
0.0
0.0
0.0
0.0
0.0
0.0
0.0
0.0
0.0
0.0
0.0
0.0
0.0
0.0
0.0
0.0
0.0
0.0
0.0
0.0
0.0
60.0
120.0
0.0
60.0
0.0
0.0
0.0
0.0
60.0
0.0
0.0
0.0
0.0
0.0
60.0
0.0
0.0
60.0
0.0
0.0
60.0
0.0
0.0
0.0
60.0
60.0
60.0
60.0
0.0
0.0
0.0
0.0
0.0
0.0
0.0
0.0
60.0
60.0
0.0
0.0
0.0
0.0
60.0
0.0
60.0
0.0
0.0
0.0
0.0
0.0
0.0
0.0
240.0
12000.0
0.0
0.0
0.0
0.0
60.0
0.0
0.0
0.0
0.0
60.0
120.0
0.0
0.0
0.0
120.0
60.0
0.0
60.0
60.0
60.0
60.0
60.0
0.0
0.0
60.0
60.0
0.0
0.0
0.0
0.0
0.0
0.0
0.0
0.0
60.0
0.0
60.0
0.0
60.0
0.0
60.0
0.0
0.0
120.0
120.0
0.0
0.0
0.0
0.0
0.0
0.0
0.0
0.0
0.0
0.0
0.0
60.0
960.0
2460.0
60.0
0.0
0.0
60.0
60.0
0.0
0.0
60.0
0.0
60.0
0.0
0.0
60.0
0.0
0.0
0.0
60.0
0.0
0.0
0.0
60.0
0.0
0.0
60.0
0.0
0.0
60.0
0.0
60.0
0.0
0.0
0.0
0.0
0.0
60.0
120.0
0.0
60.0
