1  0
1  0
1  0
1  86460.0
2  8040.0
1  600.0
2  0.0
1  0.0
1  480.0
2  480.0
2  60.0
1  0.0
2  0.0
2  60.0
1  60.0
1  60.0
2  0.0
1  0.0
1  0.0
2  0.0
1  60.0
2  0.0
1  0.0
2  0.0
1  0.0
2  60.0
1  0.0
2  60.0
1  0.0
2  0.0
1  0.0
1  60.0
2  0.0
1  0.0
1  0.0
2  60.0
1  0.0
2  0.0
1  60.0
2  60.0
2  0.0
1  0.0
2  0.0
1  0.0
1  0.0
1  0.0
1  0.0
1  0.0
1  60.0
2  60.0
2  0.0
1  0.0
1  0.0
1  0.0
2  60.0
1  60.0
1  0.0
2  0.0
2  0.0
2  0.0
1  0.0
1  60.0
2  60.0
2  0.0
1  0.0
2  60.0
1  60.0
1  60.0
1  60.0
1  60.0
2  60.0
1  60.0
2  0.0
1  0.0
2  0.0
2  0.0
2  0.0
1  300.0
2  0.0
1  0.0
1  780.0
2  780.0
2  8280.0
1  1380.0
2  1380.0
2  0.0
1  0.0
1  480.0
2  480.0
2  120.0
1  180.0
2  180.0
2  180.0
2  0.0
1  0.0
1  0.0
2  0.0
1  0.0
1  0.0
2  0.0
2  0.0
1  0.0
1  0.0
1  0.0
1  60.0
2  60.0
1  60.0
1  180.0
2  180.0
2  60.0
1  180.0
2  0.0
1  60.0
2  60.0
1  60.0
2  60.0
2  60.0
2  60.0
1  60.0
2  0.0
1  0.0
1  0.0
2  60.0
1  0.0
2  0.0
2  0.0
2  0.0
2  0.0
1  0.0
1  0.0
1  0.0
1  0.0
2  0.0
1  0.0
1  60.0
2  60.0
1  60.0
1  0.0
2  0.0
1  0.0
1  0.0
1  0.0
1  0.0
1  0.0
1  0.0
2  0.0
2  0.0
2  60.0
1  60.0
1  60.0
1  0.0
2  60.0
1  0.0
2  0.0
1  0.0
1  0.0
1  0.0
1  0.0
1  0.0
2  60.0
1  60.0
1  60.0
1  0.0
2  0.0
1  0.0
2  60.0
1  60.0
1  60.0
1  0.0
2  0.0
1  60.0
2  0.0
1  0.0
1  0.0
2  0.0
1  60.0
2  0.0
1  60.0
2  60.0
2  60.0
1  60.0
2  0.0
1  0.0
2  0.0
2  0.0
1  60.0
2  0.0
1  60.0
2  0.0
1  60.0
2  0.0
1  120.0
2  120.0
2  0.0
1  0.0
1  0.0
2  0.0
2  0.0
1  0.0
2  0.0
1  0.0
1  0.0
1  0.0
1  0.0
1  0.0
2  0.0
1  60.0
2  0.0
1  0.0
1  0.0
2  60.0
1  60.0
1  60.0
2  0.0
1  0.0
2  0.0
1  0.0
1  0.0
2  0.0
2  0.0
1  0.0
1  60.0
2  60.0
1  0.0
2  0.0
1  60.0
2  0.0
1  0.0
1  60.0
2  60.0
2  120.0
1  120.0
1  0.0
2  60.0
1  0.0
2  0.0
1  0.0
1  0.0
1  0.0
1  0.0
2  0.0
2  0.0
2  0.0
1  0.0
1  0.0
1  0.0
1  5160.0
2  5160.0
2  5160.0
2  720.0
1  720.0
1  1740.0
2  60.0
1  60.0
1  5100.0
2  60.0
1  60.0
1  5160.0
2  25980.0
1  120.0
2  120.0
2  120.0
2  180.0
1  180.0
1  0.0
2  0.0
2  60.0
1  60.0
1  0.0
2  0.0
1  0.0
1  0.0
2  60.0
1  60.0
1  60.0
1  60.0
2  60.0
2  60.0
2  0.0
1  0.0
1  0.0
1  60.0
2  60.0
2  0.0
1  0.0
1  0.0
1  0.0
1  0.0
1  0.0
1  0.0
2  0.0
2  60.0
1  60.0
1  60.0
1  0.0
2  60.0
1  0.0
2  0.0
1  0.0
1  60.0
2  0.0
1  0.0
2  60.0
1  0.0
2  0.0
2  0.0
1  0.0
1  0.0
2  60.0
1  60.0
1  0.0
2  0.0
2  0.0
2  60.0
1  60.0
1  300.0
2  0.0
1  0.0
1  0.0
2  60.0
1  60.0
1  0.0
2  0.0
2  0.0
2  0.0
2  60.0
1  60.0
1  0.0
2  0.0
2  0.0
2  0.0
1  0.0
1  60.0
2  0.0
1  0.0
2  0.0
1  0.0
1  60.0
2  60.0
2  60.0
2  180.0
1  660.0
2  660.0
2  60.0
1  60.0
1  60.0
1  60.0
1  480.0
2  480.0
2  2400.0
1  2400.0
1  2400.0
1  1080.0
2  1080.0
2  300.0
1  300.0
1  300.0
1  720.0
2  720.0
2  0.0
1  0.0
1  0.0
1  0.0
1  0.0
2  60.0
1  0.0
2  0.0
2  0.0
1  0.0
2  0.0
1  60.0
2  60.0
1  0.0
2  0.0
2  0.0
1  0.0
1  60.0
2  60.0
2  0.0
1  60.0
2  60.0
1  60.0
2  0.0
1  0.0
2  60.0
1  60.0
2  60.0
2  60.0
1  60.0
1  0.0
2  0.0
2  0.0
1  120.0
2  0.0
1  60.0
2  60.0
2  60.0
1  0.0
2  60.0
1  60.0
1  660.0
2  240.0
1  240.0
1  240.0
1  240.0
1  0.0
2  60.0
1  240.0
2  240.0
2  60.0
1  60.0
1  60.0
2  60.0
2  60.0
1  60.0
1  300.0
2  32520.0
1  23400.0
2  5100.0
1  5100.0
1  60.0
2  60.0
2  60.0
1  60.0
1  60.0
1  1140.0
2  1140.0
2  9540.0
1  0.0
2  60.0
1  0.0
2  12960.0
1  300.0
2  180.0
1  0.0
2  120.0
1  0.0
2  60.0
1  120.0
2  120.0
2  120.0
2  120.0
2  11340.0
1  11340.0
1  11340.0
1  11340.0
1  39540.0
2  39540.0
2  300.0
1  35040.0
2  180.0
1  180.0
1  1080480.0
2  1080480.0
2  1080480.0
2  1080480.0
2  2520.0
1  2520.0
1  2520.0
1  2520.0
1  2700.0
2  420.0
1  60.0
2  60.0
1  60.0
1  60.0
1  60.0
1  60.0
1  60.0
1  60.0
1  1320.0
2  1320.0
2  0.0
1  0.0
1  6900.0
2  6900.0
2  0.0
1  0.0
1  0.0
1  0.0
2  60.0
1  0.0
2  0.0
2  0.0
1  240.0
2  240.0
2  60.0
1  0.0
2  0.0
1  0.0
2  60.0
1  60.0
1  660.0
2  0.0
1  0.0
1  0.0
1  29580.0
2  29580.0
2  29580.0
2  120.0
1  0.0
2  0.0
2  0.0
1  0.0
2  60.0
1  0.0
2  0.0
2  0.0
1  0.0
1  0.0
1  0.0
2  60.0
1  0.0
2  60.0
1  0.0
2  60.0
1  0.0
2  0.0
1  0.0
1  60.0
2  0.0
1  60.0
2  0.0
1  0.0
2  0.0
2  0.0
1  0.0
1  0.0
1  0.0
2  0.0
2  0.0
2  60.0
1  60.0
2  60.0
2  60.0
1  60.0
1  0.0
2  60.0
1  0.0
2  60.0
1  60.0
1  60.0
1  60.0
1  0.0
2  0.0
2  60.0
1  60.0
1  60.0
1  0.0
2  0.0
2  0.0
1  0.0
1  0.0
2  60.0
1  60.0
1  0.0
2  0.0
2  0.0
1  0.0
2  0.0
1  0.0
1  0.0
2  0.0
1  0.0
1  0.0
2  0.0
1  0.0
2  0.0
2  0.0
1  0.0
1  0.0
1  0.0
2  0.0
2  0.0
2  0.0
1  0.0
1  0.0
2  60.0
1  60.0
1  0.0
2  0.0
2  0.0
2  0.0
1  0.0
1  0.0
2  60.0
1  0.0
2  0.0
2  0.0
1  0.0
2  0.0
1  0.0
1  0.0
2  60.0
1  60.0
1  0.0
2  0.0
2  0.0
2  0.0
1  60.0
2  60.0
2  0.0
1  0.0
1  60.0
2  0.0
1  0.0
2  60.0
1  0.0
2  0.0
1  0.0
2  0.0
2  0.0
2  0.0
1  0.0
1  60.0
2  60.0
1  60.0
2  60.0
1  60.0
1  0.0
2  0.0
2  0.0
2  0.0
2  0.0
1  0.0
1  60.0
2  60.0
2  60.0
2  0.0
1  60.0
2  120.0
1  0.0
2  0.0
2  0.0
1  0.0
1  0.0
1  60.0
2  60.0
2  60.0
2  0.0
1  0.0
1  60.0
2  60.0
2  60.0
2  60.0
2  60.0
2  60.0
1  0.0
2  60.0
1  0.0
2  0.0
1  0.0
1  60.0
2  60.0
2  0.0
1  0.0
1  60.0
2  60.0
2  120.0
1  0.0
2  0.0
1  60.0
2  60.0
2  60.0
2  60.0
2  60.0
1  60.0
1  60.0
2  60.0
2  120.0
1  120.0
1  120.0
1  0.0
2  0.0
2  60.0
1  0.0
2  60.0
1  60.0
1  60.0
1  60.0
1  60.0
2  60.0
2  0.0
1  0.0
2  0.0
2  60.0
1  60.0
1  0.0
2  0.0
1  0.0
1  60.0
2  60.0
1  0.0
2  0.0
1  0.0
1  0.0
2  180.0
1  60.0
2  0.0
1  60.0
2  60.0
2  60.0
2  60.0
2  0.0
1  0.0
1  0.0
1  0.0
1  60.0
2  0.0
1  0.0
1  0.0
2  60.0
1  60.0
1  60.0
1  60.0
2  60.0
2  0.0
1  60.0
2  60.0
2  0.0
1  0.0
2  60.0
1  60.0
1  60.0
1  60.0
1  0.0
2  0.0
2  0.0
2  60.0
1  60.0
1  60.0
1  0.0
2  0.0
1  0.0
2  0.0
2  60.0
1  60.0
2  0.0
1  60.0
2  0.0
1  0.0
2  0.0
2  0.0
1  0.0
1  60.0
2  60.0
2  0.0
1  60.0
2  60.0
2  0.0
1  0.0
1  120.0
2  120.0
2  120.0
2  0.0
1  0.0
2  0.0
2  0.0
1  0.0
1  0.0
1  0.0
1  60.0
2  60.0
2  36960.0
1  36960.0
1  6300.0
2  1800.0
1  9120.0
2  0.0
1  60.0
2  0.0
1  0.0
2  0.0
1  60.0
2  0.0
1  0.0
1  0.0
1  0.0
1  0.0
1  0.0
2  0.0
2  0.0
1  120.0
2  0.0
1  0.0
1  0.0
1  0.0
2  0.0
2  60.0
1  60.0
1  60.0
2  0.0
1  0.0
1  0.0
2  60.0
1  60.0
1  60.0
2  0.0
1  0.0
2  60.0
1  0.0
2  0.0
1  0.0
2  0.0
2  0.0
2  0.0
1  0.0
2  0.0
2  60.0
1  0.0
2  0.0
1  0.0
2  0.0
2  0.0
1  0.0
1  0.0
2  0.0
2  0.0
2  0.0
1  0.0
2  0.0
2  0.0
2  0.0
2  0.0
1  0.0
1  0.0
1  0.0
2  0.0
2  0.0
2  60.0
1  0.0
2  0.0
2  0.0
2  60.0
1  0.0
2  0.0
2  0.0
2  0.0
2  0.0
2  0.0
1  0.0
2  0.0
2  0.0
2  0.0
2  0.0
2  0.0
2  0.0
1  0.0
2  0.0
2  0.0
1  0.0
1  0.0
1  0.0
1  0.0
2  0.0
2  0.0
2  0.0
2  0.0
1  0.0
2  0.0
2  0.0
1  4224000.0
2  1320.0
1  1320.0
1  3780.0
2  3780.0
2  3780.0
2  0.0
1  0.0
1  0.0
2  0.0
2  0.0
1  0.0
1  0.0
1  0.0
2  0.0
2  0.0
2  0.0
1  60.0
2  60.0
2  0.0
1  60.0
2  60.0
2  60.0
1  60.0
1  0.0
2  0.0
1  0.0
2  60.0
1  0.0
2  0.0
2  0.0
1  0.0
2  0.0
2  0.0
1  0.0
2  0.0
2  0.0
1  0.0
1  0.0
1  0.0
1  60.0
2  0.0
1  0.0
1  0.0
1  0.0
2  0.0
2  0.0
2  60.0
1  0.0
2  0.0
2  0.0
1  0.0
1  0.0
1  0.0
1  0.0
1  60.0
2  0.0
1  0.0
2  60.0
1  0.0
2  0.0
1  0.0
2  0.0
1  0.0
2  0.0
2  0.0
2  60.0
1  60.0
1  0.0
2  0.0
2  0.0
1  0.0
1  60.0
2  0.0
1  0.0
2  0.0
1  0.0
1  60.0
2  60.0
2  0.0
1  0.0
1  0.0
2  60.0
1  0.0
2  0.0
1  0.0
2  0.0
2  0.0
2  0.0
1  0.0
1  60.0
2  60.0
2  60.0
2  0.0
1  0.0
2  0.0
1  0.0
1  0.0
1  0.0
1  0.0
1  0.0
2  0.0
2  0.0
2  0.0
1  0.0
2  60.0
1  60.0
1  0.0
2  0.0
2  0.0
2  0.0
1  0.0
2  0.0
2  0.0
1  0.0
2  60.0
1  0.0
2  0.0
2  0.0
1  0.0
1  0.0
2  0.0
2  0.0
1  0.0
2  0.0
2  0.0
2  0.0
1  0.0
2  60.0
1  60.0
1  0.0
2  0.0
2  0.0
1  60.0
2  0.0
1  0.0
2  0.0
2  60.0
1  0.0
2  0.0
1  0.0
2  0.0
2  60.0
1  60.0
1  0.0
2  0.0
1  0.0
1  0.0
1  0.0
2  0.0
2  0.0
2  0.0
1  0.0
2  0.0
2  0.0
2  0.0
1  0.0
2  60.0
1  60.0
1  0.0
2  0.0
1  0.0
1  0.0
2  0.0
2  0.0
1  0.0
1  0.0
2  60.0
1  0.0
2  0.0
2  0.0
1  0.0
1  0.0
2  0.0
2  0.0
2  0.0
1  0.0
1  0.0
2  0.0
2  0.0
1  60.0
2  0.0
1  0.0
2  0.0
1  0.0
1  0.0
1  0.0
1  0.0
1  0.0
1  0.0
2  0.0
1  0.0
1  0.0
1  0.0
2  0.0
2  0.0
2  0.0
1  0.0
1  0.0
2  0.0
1  0.0
1  60.0
2  0.0
1  0.0
2  0.0
2  0.0
1  0.0
2  0.0
2  0.0
1  0.0
2  0.0
2  0.0
1  0.0
1  0.0
2  0.0
1  60.0
2  0.0
1  0.0
1  0.0
2  0.0
1  0.0
1  0.0
1  0.0
2  0.0
1  0.0
2  0.0
1  0.0
1  0.0
1  0.0
1  0.0
2  0.0
1  0.0
1  0.0
1  0.0
1  0.0
1  0.0
1  0.0
1  0.0
1  0.0
2  0.0
2  0.0
1  0.0
2  0.0
1  0.0
2  0.0
1  0.0
1  0.0
1  0.0
2  0.0
1  0.0
1  0.0
1  0.0
2  0.0
2  60.0
1  60.0
1  60.0
1  0.0
2  120.0
1  120.0
1  120.0
1  120.0
1  120.0
1  0.0
2  0.0
2  60.0
1  60.0
1  60.0
1  60.0
1  60.0
1  60.0
1  240.0
2  0.0
1  0.0
2  0.0
1  0.0
1  0.0
1  0.0
2  0.0
1  0.0
1  0.0
1  0.0
1  0.0
2  0.0
1  0.0
1  60.0
2  60.0
2  0.0
1  0.0
2  0.0
2  0.0
1  0.0
2  0.0
2  0.0
1  0.0
2  60.0
1  0.0
2  0.0
2  0.0
1  60.0
2  60.0
1  60.0
1  60.0
2  0.0
1  0.0
1  0.0
1  0.0
2  0.0
2  60.0
1  60.0
1  0.0
2  0.0
2  0.0
2  0.0
1  0.0
1  60.0
2  60.0
2  60.0
2  60.0
2  60.0
1  0.0
2  0.0
1  0.0
2  0.0
2  0.0
1  0.0
1  60.0
2  0.0
1  0.0
2  0.0
2  0.0
2  0.0
2  0.0
1  0.0
1  0.0
1  60.0
2  60.0
2  60.0
1  0.0
2  0.0
1  0.0
1  0.0
1  0.0
1  0.0
2  0.0
2  0.0
1  0.0
1  0.0
1  0.0
2  0.0
1  0.0
1  0.0
1  0.0
2  60.0
1  0.0
2  0.0
2  60.0
1  60.0
1  60.0
1  60.0
1  60.0
2  0.0
1  0.0
1  0.0
1  0.0
2  0.0
1  0.0
2  0.0
2  0.0
2  0.0
2  0.0
2  0.0
2  240.0
1  240.0
1  240.0
1  240.0
1  12000.0
2  12000.0
2  0.0
1  0.0
1  0.0
1  0.0
1  0.0
2  0.0
1  0.0
2  0.0
2  0.0
2  60.0
1  60.0
1  60.0
1  0.0
2  0.0
1  0.0
2  0.0
2  0.0
2  0.0
2  60.0
1  60.0
1  60.0
1  60.0
1  120.0
2  120.0
2  0.0
1  0.0
2  0.0
2  0.0
1  0.0
1  0.0
1  0.0
1  0.0
1  120.0
2  120.0
2  60.0
1  0.0
2  0.0
2  60.0
1  60.0
2  60.0
2  60.0
2  60.0
1  60.0
1  60.0
1  60.0
1  0.0
2  60.0
1  0.0
2  0.0
1  0.0
2  0.0
2  60.0
1  60.0
1  0.0
2  60.0
1  60.0
1  0.0
2  0.0
2  0.0
1  0.0
1  0.0
1  0.0
1  60.0
2  0.0
1  0.0
1  0.0
2  0.0
2  0.0
1  0.0
2  0.0
2  0.0
2  0.0
1  0.0
2  60.0
1  60.0
1  0.0
2  0.0
1  0.0
2  60.0
1  0.0
2  0.0
2  60.0
1  60.0
1  0.0
2  0.0
2  60.0
1  60.0
2  0.0
1  0.0
2  0.0
2  120.0
1  120.0
1  120.0
1  120.0
1  120.0
1  120.0
2  120.0
2  0.0
1  0.0
1  0.0
1  0.0
2  0.0
1  0.0
2  0.0
2  0.0
2  0.0
1  0.0
1  0.0
1  0.0
1  0.0
1  0.0
1  0.0
1  0.0
2  0.0
1  0.0
1  0.0
1  60.0
2  0.0
1  0.0
1  0.0
1  0.0
1  0.0
2  0.0
2  0.0
1  0.0
1  0.0
1  0.0
2  0.0
2  0.0
2  60.0
1  60.0
1  60.0
2  960.0
1  960.0
1  960.0
1  60.0
2  2460.0
1  60.0
2  60.0
2  0.0
1  3540.0
2  0.0
1  0.0
2  60.0
1  0.0
2  60.0
1  0.0
2  0.0
1  0.0
1  0.0
2  0.0
1  0.0
1  0.0
1  60.0
2  60.0
2  0.0
1  0.0
1  60.0
2  60.0
2  0.0
1  0.0
1  60.0
2  0.0
1  0.0
1  60.0
2  60.0
2  0.0
1  0.0
1  60.0
2  0.0
1  0.0
2  0.0
2  60.0
1  0.0
2  0.0
1  0.0
1  60.0
2  0.0
1  60.0
2  0.0
1  60.0
2  60.0
2  0.0
1  60.0
2  0.0
1  0.0
1  0.0
1  0.0
2  60.0
1  0.0
2  0.0
2  0.0
1  0.0
1  0.0
1  120.0
2  60.0
1  60.0
1  60.0
1  60.0
2  0.0
1  0.0
1  0.0
2  60.0
1  0.0
2  0.0
2  0.0
2  0.0
1  0.0
1  60.0
2  0.0
1  0.0
2  0.0
2  60.0
1  60.0
1  60.0
1  60.0
1  60.0
1  120.0
2  120.0
2  0.0
1  0.0
1  0.0
1  60.0
2  60.0
