1  60.0
2  0.0
1  0.0
2  0.0
1  300.0
2  0.0
1  0.0
2  0.0
1  0.0
2  0.0
1  60.0
2  0.0
1  0.0
2  0.0
1  0.0
2  0.0
1  0.0
2  0.0
1  0.0
2  0.0
1  0.0
2  0.0
1  0.0
2  0.0
1  0.0
2  0.0
1  0.0
2  0.0
1  0.0
2  0.0
1  0.0
2  0.0
1  60.0
2  0.0
1  60.0
2  0.0
1  0.0
2  60.0
1  0.0
2  0.0
1  0.0
2  0.0
1  120.0
2  0.0
1  0.0
2  0.0
1  0.0
2  60.0
1  0.0
2  0.0
1  0.0
2  57180.0
1  0.0
2  0.0
1  60.0
2  180.0
1  0.0
2  0.0
1  60.0
2  0.0
1  0.0
2  60.0
1  60.0
2  0.0
1  0.0
2  0.0
1  0.0
2  0.0
1  0.0
2  0.0
1  0.0
2  60.0
1  0.0
2  0.0
1  60.0
2  0.0
1  0.0
2  0.0
1  60.0
2  0.0
1  60.0
2  0.0
1  0.0
2  0.0
1  60.0
2  0.0
1  0.0
2  0.0
1  0.0
2  0.0
1  0.0
2  0.0
1  0.0
2  0.0
1  0.0
2  0.0
1  60.0
2  0.0
1  0.0
2  0.0
1  60.0
2  0.0
1  0.0
2  0.0
1  0.0
2  0.0
1  0.0
2  0.0
1  0.0
2  60.0
1  0.0
2  0.0
1  0.0
2  0.0
1  0.0
2  0.0
1  0.0
2  60.0
1  60.0
2  0.0
1  0.0
2  0.0
1  120.0
2  0.0
1  0.0
2  0.0
1  0.0
2  0.0
1  0.0
2  0.0
1  0.0
2  0.0
1  0.0
2  60.0
1  0.0
2  0.0
1  0.0
2  0.0
1  0.0
2  0.0
1  0.0
2  0.0
1  0.0
2  0.0
1  0.0
2  0.0
1  120.0
2  60.0
1  66720.0
2  120.0
1  120.0
2  0.0
1  0.0
2  0.0
1  60.0
2  0.0
1  0.0
2  60.0
1  660.0
2  0.0
1  0.0
2  0.0
1  0.0
2  0.0
1  0.0
2  0.0
1  60.0
2  60.0
1  120.0
2  0.0
1  60.0
2  0.0
1  0.0
2  0.0
1  0.0
2  0.0
1  0.0
2  0.0
1  0.0
2  0.0
1  0.0
2  0.0
1  0.0
2  60.0
1  0.0
2  0.0
1  0.0
2  0.0
1  0.0
2  60.0
1  0.0
2  60.0
1  0.0
2  0.0
1  0.0
2  0.0
1  60.0
2  60.0
1  0.0
2  60.0
1  60.0
2  145440.0
1  279600.0
2  0.0
1  120.0
2  0.0
1  60.0
2  0.0
1  0.0
2  0.0
1  0.0
2  0.0
1  0.0
2  0.0
1  0.0
2  0.0
1  180.0
2  0.0
1  0.0
2  0.0
1  0.0
2  0.0
1  0.0
2  0.0
1  0.0
2  0.0
1  0.0
2  0.0
1  0.0
2  0.0
1  0.0
2  0.0
1  0.0
2  0.0
1  0.0
2  0.0
1  480.0
2  0.0
1  0.0
2  0.0
1  0.0
2  0.0
1  0.0
2  0.0
1  0.0
2  0.0
1  0.0
2  0.0
1  60.0
2  0.0
1  0.0
2  0.0
1  0.0
2  0.0
1  0.0
2  0.0
1  0.0
2  0.0
1  0.0
2  0.0
1  0.0
2  627240.0
1  240.0
2  229020.0
1  0.0
2  0.0
1  0.0
2  4680.0
1  60.0
2  0.0
1  0.0
2  0.0
1  1440.0
2  0.0
1  60.0
2  0.0
1  60.0
2  0.0
1  0.0
2  0.0
1  0.0
2  0.0
1  0.0
2  0.0
1  0.0
2  0.0
1  0.0
2  0.0
1  120.0
2  33720.0
1  0.0
2  0.0
1  0.0
2  0.0
1  0.0
2  60.0
1  60.0
2  0.0
1  0.0
2  0.0
1  0.0
2  0.0
1  0.0
2  0.0
1  0.0
2  0.0
1  0.0
2  0.0
1  0.0
2  60.0
1  60.0
2  0.0
1  0.0
2  0.0
1  0.0
2  0.0
1  0.0
2  0.0
1  0.0
2  0.0
1  0.0
2  0.0
1  0.0
2  0.0
1  0.0
2  0.0
1  0.0
2  0.0
1  60.0
2  0.0
1  0.0
2  0.0
1  0.0
2  60.0
1  60.0
2  60.0
1  60.0
2  0.0
1  0.0
2  60.0
1  0.0
2  0.0
1  0.0
2  0.0
1  0.0
2  0.0
1  60.0
2  0.0
1  0.0
2  60.0
1  0.0
2  0.0
1  0.0
2  0.0
1  0.0
2  0.0
1  0.0
2  0.0
1  0.0
2  60.0
1  0.0
2  0.0
1  0.0
2  0.0
1  60.0
2  60.0
1  0.0
2  0.0
1  0.0
2  0.0
1  0.0
2  60.0
1  60.0
2  0.0
1  0.0
2  0.0
1  0.0
2  0.0
1  0.0
2  0.0
1  0.0
2  0.0
1  0.0
2  0.0
1  0.0
2  0.0
1  0.0
2  60.0
1  60.0
2  0.0
1  60.0
2  0.0
1  0.0
2  0.0
1  0.0
2  60.0
1  0.0
2  0.0
1  0.0
2  0.0
1  0.0
2  0.0
1  0.0
2  0.0
1  0.0
2  0.0
1  0.0
2  0.0
1  0.0
2  120.0
1  60.0
2  0.0
1  60.0
2  0.0
1  0.0
2  0.0
1  0.0
2  0.0
1  0.0
2  0.0
1  60.0
2  0.0
1  0.0
2  0.0
1  0.0
2  0.0
1  0.0
2  0.0
1  0.0
2  0.0
1  0.0
2  60.0
1  0.0
2  60.0
1  0.0
2  0.0
1  0.0
2  0.0
1  0.0
2  0.0
1  60.0
2  135120.0
1  60.0
2  0.0
1  0.0
2  0.0
1  0.0
2  0.0
1  0.0
2  0.0
1  0.0
2  0.0
1  60.0
2  0.0
1  0.0
2  0.0
1  60.0
2  0.0
1  0.0
2  0.0
1  60.0
2  0.0
1  0.0
2  0.0
1  0.0
2  0.0
1  0.0
2  0.0
1  0.0
2  0.0
1  0.0
2  0.0
1  0.0
2  0.0
1  0.0
2  0.0
1  60.0
2  60.0
1  0.0
2  60.0
1  0.0
2  0.0
1  0.0
2  0.0
1  0.0
2  0.0
1  0.0
2  60.0
1  0.0
2  0.0
1  0.0
2  60.0
1  0.0
2  0.0
1  0.0
2  0.0
1  60.0
2  183720.0
1  60.0
2  0.0
1  60.0
2  0.0
1  0.0
2  0.0
1  0.0
2  0.0
1  0.0
2  0.0
1  0.0
2  0.0
1  0.0
2  0.0
1  0.0
2  0.0
1  0.0
2  60.0
1  60.0
2  0.0
1  0.0
2  0.0
1  0.0
2  0.0
1  60.0
2  0.0
1  0.0
2  0.0
1  0.0
2  0.0
1  0.0
2  0.0
1  0.0
2  0.0
1  0.0
2  0.0
1  0.0
2  0.0
1  0.0
2  0.0
1  0.0
2  0.0
1  0.0
2  0.0
1  0.0
2  0.0
1  0.0
2  0.0
1  0.0
2  0.0
1  0.0
2  0.0
1  60.0
2  60.0
1  0.0
2  0.0
1  0.0
2  60.0
1  0.0
2  0.0
1  0.0
2  0.0
1  0.0
2  0.0
1  0.0
2  60.0
1  0.0
2  0.0
1  0.0
2  0.0
1  0.0
2  0.0
1  0.0
2  0.0
1  0.0
2  0.0
1  0.0
2  0.0
1  0.0
2  0.0
1  0.0
2  0.0
1  60.0
2  60.0
1  0.0
2  60.0
1  0.0
2  0.0
1  0.0
2  0.0
1  0.0
2  60.0
1  0.0
2  0.0
1  0.0
2  0.0
1  0.0
2  60.0
1  60.0
2  0.0
1  0.0
2  0.0
1  0.0
2  0.0
1  60.0
2  0.0
1  60.0
2  0.0
1  0.0
2  0.0
1  0.0
2  0.0
1  0.0
2  0.0
1  0.0
2  0.0
1  0.0
2  60.0
1  0.0
2  0.0
1  0.0
2  0.0
1  0.0
2  0.0
1  60.0
2  0.0
1  0.0
2  0.0
1  60.0
2  0.0
1  0.0
2  60.0
1  0.0
2  0.0
1  0.0
2  0.0
1  60.0
2  0.0
1  0.0
2  0.0
1  0.0
2  0.0
1  0.0
2  60.0
1  60.0
2  0.0
1  0.0
2  0.0
1  60.0
2  0.0
1  60.0
2  0.0
1  0.0
2  0.0
1  0.0
2  60.0
1  0.0
2  60.0
1  0.0
2  0.0
1  0.0
2  0.0
1  0.0
2  0.0
1  0.0
2  0.0
1  60.0
2  0.0
1  0.0
2  60.0
1  0.0
2  120.0
1  0.0
2  0.0
1  0.0
2  60.0
1  0.0
2  0.0
1  0.0
2  60.0
1  60.0
2  0.0
1  0.0
2  0.0
1  60.0
2  60.0
1  0.0
2  0.0
1  60.0
2  0.0
1  0.0
2  0.0
1  0.0
2  0.0
1  0.0
2  0.0
1  0.0
2  480.0
1  0.0
2  120.0
1  60.0
2  0.0
1  0.0
2  60.0
1  60.0
2  0.0
1  0.0
2  60.0
1  60.0
2  60.0
1  0.0
2  120.0
1  60.0
2  60.0
1  0.0
2  0.0
1  0.0
2  0.0
1  120.0
2  0.0
1  0.0
2  0.0
1  0.0
2  0.0
1  0.0
2  0.0
1  60.0
2  0.0
1  60.0
2  0.0
1  60.0
2  0.0
1  0.0
2  120.0
1  0.0
2  0.0
1  60.0
2  0.0
1  0.0
2  0.0
1  0.0
2  0.0
1  0.0
2  0.0
1  0.0
2  0.0
1  0.0
2  0.0
1  0.0
2  0.0
1  60.0
2  0.0
1  0.0
2  60.0
1  180.0
2  0.0
1  0.0
2  0.0
1  60.0
2  0.0
1  60.0
2  0.0
1  60.0
2  0.0
1  60.0
2  0.0
1  0.0
2  0.0
1  0.0
2  0.0
1  0.0
2  0.0
1  0.0
2  0.0
1  0.0
2  0.0
1  60.0
2  0.0
1  0.0
2  0.0
1  0.0
2  0.0
1  0.0
2  0.0
1  0.0
2  0.0
1  0.0
2  0.0
1  0.0
2  0.0
1  0.0
2  0.0
1  0.0
2  0.0
1  0.0
2  0.0
1  0.0
2  0.0
1  0.0
2  0.0
1  60.0
2  0.0
1  0.0
2  0.0
1  0.0
2  0.0
1  0.0
2  0.0
1  0.0
2  0.0
1  0.0
2  60.0
1  0.0
2  0.0
1  0.0
2  0.0
1  60.0
2  0.0
1  120.0
